Conf,R,S1,S2,T1,T2,G,Home,Winner,WOELO,WNELO,LOELO,LNELO,SIMSW,SIMSL,D,
Eastern,1,1,8,ATL,BKN,1,ATL,ATL,1518.94,1527.12,1398.55,1390.36,364,148,161,
Eastern,1,1,8,ATL,BKN,2,ATL,ATL,1527.12,1534.76,1390.36,1382.73,375,137,33,
Eastern,1,1,8,ATL,BKN,3,BKN,ATL,1534.76,1545.48,1382.73,1372.01,334,178,26,
Eastern,1,1,8,ATL,BKN,4,BKN,ATL,1545.48,1555.36,1372.01,1362.13,349,163,25,
Eastern,1,2,7,CLE,BOS,1,CLE,CLE,1526.41,1536.21,1450.73,1440.94,330,182,27,
Eastern,1,2,7,CLE,BOS,2,CLE,CLE,1536.21,1545.28,1440.94,1431.87,347,165,25,
Eastern,1,2,7,CLE,BOS,3,BOS,CLE,1545.28,1557.57,1431.87,1419.57,317,195,25,
Eastern,1,2,7,CLE,BOS,4,BOS,CLE,1557.57,1568.85,1419.57,1408.29,325,187,25,
Eastern,1,3,6,CHI,MIL,1,CHI,CHI,1464.27,1473.67,1377.8,1368.4,337,175,26,
Eastern,1,3,6,CHI,MIL,2,CHI,CHI,1473.67,1482.38,1368.4,1359.69,350,162,25,
Eastern,1,3,6,CHI,MIL,3,MIL,CHI,1482.38,1494.28,1359.69,1347.79,319,193,26,
Eastern,1,3,6,CHI,MIL,4,MIL,CHI,1494.28,1505.22,1347.79,1336.85,327,185,26,
Eastern,1,4,5,TOR,WAS,1,TOR,TOR,1430.14,1442.34,1414.57,1402.37,290,222,27,
Eastern,1,4,5,TOR,WAS,2,TOR,TOR,1442.34,1453.54,1402.37,1391.17,307,205,25,
Eastern,1,4,5,TOR,WAS,3,WAS,TOR,1453.54,1468.01,1391.17,1376.71,277,235,27,
Eastern,1,4,5,TOR,WAS,4,WAS,TOR,1468.01,1481.23,1376.71,1363.48,291,221,25,
Eastern,2,1,4,ATL,TOR,1,ATL,ATL,1555.36,1565.22,1481.23,1471.37,330,182,25,
Eastern,2,1,4,ATL,TOR,2,ATL,ATL,1565.22,1574.34,1471.37,1462.25,347,165,25,
Eastern,2,1,4,ATL,TOR,3,TOR,ATL,1574.34,1586.69,1462.25,1449.9,309,203,25,
Eastern,2,1,4,ATL,TOR,4,TOR,ATL,1586.69,1598.02,1449.9,1438.57,325,187,26,
Eastern,2,2,3,CLE,CHI,1,CLE,CLE,1568.85,1579.11,1505.22,1494.96,324,188,25,
Eastern,2,2,3,CLE,CHI,2,CLE,CLE,1579.11,1588.59,1494.96,1485.48,337,175,24,
Eastern,2,2,3,CLE,CHI,3,CHI,CLE,1588.59,1601.32,1485.48,1472.75,303,209,25,
Eastern,2,2,3,CLE,CHI,4,CHI,CLE,1601.32,1612.98,1472.75,1461.09,322,190,26,
Eastern,3,1,2,ATL,CLE,1,ATL,ATL,1598.02,1611.51,1612.98,1599.49,276,236,24,
Eastern,3,1,2,ATL,CLE,2,ATL,ATL,1611.51,1623.86,1599.49,1587.14,286,226,24,
Eastern,3,1,2,ATL,CLE,3,CLE,ATL,1623.86,1639.43,1587.14,1571.57,260,252,24,
Eastern,3,1,2,ATL,CLE,4,CLE,ATL,1639.43,1653.66,1571.57,1557.34,282,230,25,
Western,1,1,8,GSW,NOP,1,GSW,GSW,1624.23,1630.76,1452.03,1445.49,395,117,26,
Western,1,1,8,GSW,NOP,2,GSW,GSW,1630.76,1636.91,1445.49,1439.34,400,112,25,
Western,1,1,8,GSW,NOP,3,NOP,GSW,1636.91,1645.9,1439.34,1430.35,366,146,25,
Western,1,1,8,GSW,NOP,4,NOP,GSW,1645.9,1654.25,1430.35,1422,373,139,25,
Western,1,2,7,HOU,DAL,1,HOU,HOU,1536.94,1546.92,1466.14,1456.16,326,186,27,
Western,1,2,7,HOU,DAL,2,HOU,HOU,1546.92,1556.16,1456.16,1446.92,347,165,25,
Western,1,2,7,HOU,DAL,3,DAL,HOU,1556.16,1568.63,1446.92,1434.45,309,203,25,
Western,1,2,7,HOU,DAL,4,DAL,HOU,1568.63,1580.06,1434.45,1423.02,322,190,26,
Western,1,3,6,LAC,SAS,1,LAC,LAC,1553.79,1566.84,1558.43,1545.38,281,231,26,
Western,1,3,6,LAC,SAS,2,LAC,LAC,1566.84,1578.8,1545.38,1533.42,297,215,25,
Western,1,3,6,LAC,SAS,3,SAS,LAC,1578.8,1594,1533.42,1518.22,264,248,25,
Western,1,3,6,LAC,SAS,4,SAS,LAC,1594,1607.89,1518.22,1504.33,285,227,27,
Western,1,4,5,MEM,POR,1,MEM,MEM,1497.37,1508.13,1446.22,1435.47,318,194,26,
Western,1,4,5,MEM,POR,2,MEM,MEM,1508.13,1518.04,1435.47,1425.55,326,186,26,
Western,1,4,5,MEM,POR,3,POR,MEM,1518.04,1531.21,1425.55,1412.38,296,216,25,
Western,1,4,5,MEM,POR,4,POR,MEM,1531.21,1543.28,1412.38,1400.31,317,195,26,
Western,2,1,4,GSW,MEM,1,GSW,GSW,1654.25,1662.75,1543.28,1534.77,354,158,24,
Western,2,1,4,GSW,MEM,2,GSW,GSW,1662.75,1670.68,1534.77,1526.85,372,140,24,
Western,2,1,4,GSW,MEM,3,MEM,GSW,1670.68,1681.72,1526.85,1515.8,327,185,25,
Western,2,1,4,GSW,MEM,4,MEM,GSW,1681.72,1691.9,1515.8,1505.63,342,170,28,
Western,2,2,3,HOU,LAC,1,HOU,HOU,1580.06,1594.1,1607.89,1593.85,262,250,26,
Western,2,2,3,HOU,LAC,2,HOU,HOU,1594.1,1606.95,1593.85,1581,285,227,25,
Western,2,2,3,HOU,LAC,3,LAC,LAC,1581,1594.96,1606.95,1592.99,262,250,24,
Western,2,2,3,HOU,LAC,4,LAC,LAC,1594.96,1607.74,1592.99,1580.21,285,227,25,
Western,2,2,3,HOU,LAC,5,HOU,HOU,1580.21,1594.25,1607.74,1593.71,262,250,25,
Western,2,2,3,HOU,LAC,6,LAC,LAC,1593.71,1606.58,1594.25,1581.37,285,227,24,
Western,2,2,3,HOU,LAC,7,HOU,HOU,1581.37,1595.3,1606.58,1592.65,262,250,25,
Western,3,1,2,GSW,HOU,1,GSW,GSW,1691.9,1700.92,1595.3,1586.28,347,165,26,
Western,3,1,2,GSW,HOU,2,GSW,GSW,1700.92,1709.3,1586.28,1577.9,364,148,25,
Western,3,1,2,GSW,HOU,3,HOU,GSW,1709.3,1720.85,1577.9,1566.35,322,190,24,
Western,3,1,2,GSW,HOU,4,HOU,GSW,1720.85,1731.47,1566.35,1555.73,334,178,25,
Final,4,1,1,GSW,ATL,1,GSW,GSW,1731.47,1741.19,1653.66,1643.94,330,182,25,
Final,4,1,1,GSW,ATL,2,GSW,GSW,1741.19,1750.18,1643.94,1634.94,350,162,26,
Final,4,1,1,GSW,ATL,3,ATL,GSW,1750.18,1762.4,1634.94,1622.73,317,195,25,
Final,4,1,1,GSW,ATL,4,ATL,GSW,1762.4,1773.61,1622.73,1611.52,325,187,26,
