Conf,R,S1,S2,T1,T2,G,Home,Winner,WOELO,WNELO,LOELO,LNELO,SIMSW,SIMSL,D,
Eastern,1,1,8,ATL,BKN,1,ATL,ATL,1518.94,1528.96,1398.55,1388.53,50,14,72,
Eastern,1,1,8,ATL,BKN,2,ATL,ATL,1528.96,1538.14,1388.53,1379.35,52,12,7,
Eastern,1,1,8,ATL,BKN,3,BKN,ATL,1538.14,1553.14,1379.35,1364.35,38,26,7,
Eastern,1,1,8,ATL,BKN,4,BKN,ATL,1553.14,1566.55,1364.35,1350.93,42,22,7,
Eastern,1,2,7,CLE,BOS,1,CLE,CLE,1526.41,1538.48,1450.73,1438.66,46,18,7,
Eastern,1,2,7,CLE,BOS,2,CLE,CLE,1538.48,1549.42,1438.66,1427.73,50,14,6,
Eastern,1,2,7,CLE,BOS,3,BOS,CLE,1549.42,1566.46,1427.73,1410.68,35,29,6,
Eastern,1,2,7,CLE,BOS,4,BOS,CLE,1566.46,1581.62,1410.68,1395.52,38,26,6,
Eastern,1,3,6,CHI,MIL,1,CHI,CHI,1464.27,1475.83,1377.8,1366.24,47,17,6,
Eastern,1,3,6,CHI,MIL,2,CHI,CHI,1475.83,1486.32,1366.24,1355.75,50,14,6,
Eastern,1,3,6,CHI,MIL,3,MIL,CHI,1486.32,1502.87,1355.75,1339.2,36,28,5,
Eastern,1,3,6,CHI,MIL,4,MIL,CHI,1502.87,1517.61,1339.2,1324.47,40,24,6,
Eastern,1,4,5,TOR,WAS,1,TOR,TOR,1430.14,1445.31,1414.57,1399.4,36,28,8,
Eastern,1,4,5,TOR,WAS,2,TOR,TOR,1445.31,1458.87,1399.4,1385.84,40,24,6,
Eastern,1,4,5,TOR,WAS,3,WAS,TOR,1458.87,1478.7,1385.84,1366.01,32,32,5,
Eastern,1,4,5,TOR,WAS,4,WAS,TOR,1478.7,1496.25,1366.01,1348.46,35,29,6,
Eastern,2,1,4,ATL,TOR,1,ATL,ATL,1566.55,1578.89,1496.25,1483.92,46,18,6,
Eastern,2,1,4,ATL,TOR,2,ATL,ATL,1578.89,1590.05,1483.92,1472.76,50,14,6,
Eastern,2,1,4,ATL,TOR,3,TOR,ATL,1590.05,1607.34,1472.76,1455.47,35,29,6,
Eastern,2,1,4,ATL,TOR,4,TOR,ATL,1607.34,1622.72,1455.47,1440.09,38,26,7,
Eastern,2,2,3,CLE,CHI,1,CLE,CLE,1581.62,1594.27,1517.61,1504.96,43,21,6,
Eastern,2,2,3,CLE,CHI,2,CLE,CLE,1594.27,1605.69,1504.96,1493.54,47,17,6,
Eastern,2,2,3,CLE,CHI,3,CHI,CLE,1605.69,1623.28,1493.54,1475.95,35,29,17,
Eastern,2,2,3,CLE,CHI,4,CHI,CLE,1623.28,1638.9,1475.95,1460.33,37,27,7,
Eastern,3,1,2,ATL,CLE,1,ATL,ATL,1622.72,1639.64,1638.9,1621.97,33,31,5,
Eastern,3,1,2,ATL,CLE,2,ATL,ATL,1639.64,1654.7,1621.97,1606.91,36,28,6,
Eastern,3,1,2,ATL,CLE,3,CLE,ATL,1654.7,1675.98,1606.91,1585.64,32,32,5,
Eastern,3,1,2,ATL,CLE,4,CLE,ATL,1675.98,1694.81,1585.64,1566.81,32,32,6,
Western,1,1,8,GSW,NOP,1,GSW,GSW,1624.23,1632.17,1452.03,1444.08,54,10,6,
Western,1,1,8,GSW,NOP,2,GSW,GSW,1632.17,1639.56,1444.08,1436.69,54,10,6,
Western,1,1,8,GSW,NOP,3,NOP,GSW,1639.56,1652.26,1436.69,1423.99,44,20,6,
Western,1,1,8,GSW,NOP,4,NOP,GSW,1652.26,1663.73,1423.99,1412.52,46,18,6,
Western,1,2,7,HOU,DAL,1,HOU,HOU,1536.94,1549.25,1466.14,1453.83,46,18,7,
Western,1,2,7,HOU,DAL,2,HOU,HOU,1549.25,1560.39,1453.83,1442.69,50,14,6,
Western,1,2,7,HOU,DAL,3,DAL,HOU,1560.39,1577.66,1442.69,1425.42,35,29,6,
Western,1,2,7,HOU,DAL,4,DAL,HOU,1577.66,1593.01,1425.42,1410.07,38,26,7,
Western,1,3,6,LAC,SAS,1,LAC,LAC,1553.79,1570.07,1558.43,1542.15,35,29,7,
Western,1,3,6,LAC,SAS,2,LAC,LAC,1570.07,1584.58,1542.15,1527.64,37,27,6,
Western,1,3,6,LAC,SAS,3,SAS,LAC,1584.58,1605.33,1527.64,1506.89,32,32,5,
Western,1,3,6,LAC,SAS,4,SAS,LAC,1605.33,1623.7,1506.89,1488.52,33,31,28,
Western,1,4,5,MEM,POR,1,MEM,MEM,1497.37,1510.67,1446.22,1432.92,40,24,6,
Western,1,4,5,MEM,POR,2,MEM,MEM,1510.67,1522.64,1432.92,1420.95,46,18,6,
Western,1,4,5,MEM,POR,3,POR,MEM,1522.64,1540.82,1420.95,1402.77,33,31,6,
Western,1,4,5,MEM,POR,4,POR,MEM,1540.82,1556.95,1402.77,1386.64,36,28,7,
Western,2,1,4,GSW,MEM,1,GSW,GSW,1663.73,1674.35,1556.95,1546.34,50,14,6,
Western,2,1,4,GSW,MEM,2,GSW,GSW,1674.35,1684.05,1546.34,1536.64,50,14,6,
Western,2,1,4,GSW,MEM,3,MEM,GSW,1684.05,1699.66,1536.64,1521.02,37,27,6,
Western,2,1,4,GSW,MEM,4,MEM,GSW,1699.66,1713.6,1521.02,1507.08,41,23,7,
Western,2,2,3,HOU,LAC,1,HOU,HOU,1593.01,1610.76,1623.7,1605.95,33,31,6,
Western,2,2,3,HOU,LAC,2,HOU,HOU,1610.76,1626.52,1605.95,1590.19,36,28,6,
Western,2,2,3,HOU,LAC,3,LAC,HOU,1626.52,1648.45,1590.19,1568.26,32,32,6,
Western,2,2,3,HOU,LAC,4,LAC,HOU,1648.45,1667.86,1568.26,1548.85,32,32,7,
Western,3,1,2,GSW,HOU,1,GSW,GSW,1713.6,1727.18,1667.86,1654.29,40,24,6,
Western,3,1,2,GSW,HOU,2,GSW,GSW,1727.18,1739.39,1654.29,1642.08,46,18,5,
Western,3,1,2,GSW,HOU,3,HOU,GSW,1739.39,1757.82,1642.08,1623.65,32,32,6,
Western,3,1,2,GSW,HOU,4,HOU,GSW,1757.82,1774.17,1623.65,1607.3,36,28,6,
Final,4,1,1,GSW,ATL,1,GSW,GSW,1774.17,1786.06,1694.81,1682.91,46,18,6,
Final,4,1,1,GSW,ATL,2,GSW,GSW,1786.06,1796.84,1682.91,1672.13,50,14,6,
Final,4,1,1,GSW,ATL,3,ATL,GSW,1796.84,1813.72,1672.13,1655.25,35,29,5,
Final,4,1,1,GSW,ATL,4,ATL,GSW,1813.72,1828.74,1655.25,1640.24,38,26,6,
