Conf,R,S1,S2,T1,T2,G,Home,Winner,WOELO,WNELO,LOELO,LNELO,SIMSW,SIMSL,D,
Eastern,1,1,8,ATL,BKN,1,ATL,ATL,1518.94,1530.31,1398.55,1387.17,188752,73392,6923,
Eastern,1,1,8,ATL,BKN,2,ATL,ATL,1530.31,1540.65,1387.17,1376.84,196497,65647,6688,
Eastern,1,1,8,ATL,BKN,3,BKN,ATL,1540.65,1553.81,1376.84,1363.68,175304,86840,7283,
Eastern,1,1,8,ATL,BKN,4,BKN,ATL,1553.81,1565.67,1363.68,1351.82,183110,79034,7121,
Eastern,1,2,7,CLE,BOS,1,CLE,CLE,1526.41,1539.99,1450.73,1437.16,175741,86403,7315,
Eastern,1,2,7,CLE,BOS,2,CLE,CLE,1539.99,1552.2,1437.16,1424.95,183535,78609,7426,
Eastern,1,2,7,CLE,BOS,3,BOS,CLE,1552.2,1567.28,1424.95,1409.87,162250,99894,7944,
Eastern,1,2,7,CLE,BOS,4,BOS,CLE,1567.28,1580.77,1409.87,1396.38,172647,89497,7618,
Eastern,1,3,6,CHI,MIL,1,CHI,CHI,1464.27,1477.3,1377.8,1364.77,178285,83859,8239,
Eastern,1,3,6,CHI,MIL,2,CHI,CHI,1477.3,1489.04,1364.77,1353.03,186110,76034,7109,
Eastern,1,3,6,CHI,MIL,3,MIL,CHI,1489.04,1503.65,1353.03,1338.42,164878,97266,20054,
Eastern,1,3,6,CHI,MIL,4,MIL,CHI,1503.65,1516.74,1338.42,1325.33,175304,86840,7540,
Eastern,1,4,5,TOR,WAS,1,TOR,TOR,1430.14,1446.97,1414.57,1397.75,152154,109990,8248,
Eastern,1,4,5,TOR,WAS,2,TOR,TOR,1446.97,1461.94,1397.75,1382.77,165393,96751,7801,
Eastern,1,4,5,TOR,WAS,3,WAS,TOR,1461.94,1479.69,1382.77,1365.02,143979,118165,8446,
Eastern,1,4,5,TOR,WAS,4,WAS,TOR,1479.69,1495.46,1365.02,1349.25,157003,105141,8304,
Eastern,2,1,4,ATL,TOR,1,ATL,ATL,1565.67,1579.53,1495.46,1481.6,173186,88958,7469,
Eastern,2,1,4,ATL,TOR,2,ATL,ATL,1579.53,1591.98,1481.6,1469.15,180905,81239,7485,
Eastern,2,1,4,ATL,TOR,3,TOR,ATL,1591.98,1607.3,1469.15,1453.83,159611,102533,8030,
Eastern,2,1,4,ATL,TOR,4,TOR,ATL,1607.3,1620.99,1453.83,1440.14,170067,92077,7685,
Eastern,2,2,3,CLE,CHI,1,CLE,CLE,1580.77,1594.95,1516.74,1502.55,170654,91490,7607,
Eastern,2,2,3,CLE,CHI,2,CLE,CLE,1594.95,1607.68,1502.55,1489.83,180905,81239,7329,
Eastern,2,2,3,CLE,CHI,3,CHI,CLE,1607.68,1623.27,1489.83,1474.23,159611,102533,7973,
Eastern,2,2,3,CLE,CHI,4,CHI,CLE,1623.27,1637.19,1474.23,1460.31,170067,92077,11861,
Eastern,3,1,2,ATL,CLE,1,ATL,ATL,1620.99,1639.62,1637.19,1618.56,141797,120347,8664,
Eastern,3,1,2,ATL,CLE,2,ATL,ATL,1639.62,1656.15,1618.56,1602.04,154771,107373,8060,
Eastern,3,1,2,ATL,CLE,3,CLE,ATL,1656.15,1675.33,1602.04,1582.85,136102,126042,8704,
Eastern,3,1,2,ATL,CLE,4,CLE,ATL,1675.33,1692.34,1582.85,1565.85,149174,112970,8238,
Western,1,1,8,GSW,NOP,1,GSW,GSW,1624.23,1633.33,1452.03,1442.92,204482,57662,6526,
Western,1,1,8,GSW,NOP,2,GSW,GSW,1633.33,1641.72,1442.92,1434.53,209658,52486,6326,
Western,1,1,8,GSW,NOP,3,NOP,GSW,1641.72,1652.78,1434.53,1423.47,188447,73697,6864,
Western,1,1,8,GSW,NOP,4,NOP,GSW,1652.78,1662.84,1423.47,1413.41,193680,68464,6742,
Western,1,2,7,HOU,DAL,1,HOU,HOU,1536.94,1550.77,1466.14,1452.31,173186,88958,7458,
Western,1,2,7,HOU,DAL,2,HOU,HOU,1550.77,1563.19,1452.31,1439.89,180905,81239,7321,
Western,1,2,7,HOU,DAL,3,DAL,HOU,1563.19,1578.49,1439.89,1424.59,159611,102533,8526,
Western,1,2,7,HOU,DAL,4,DAL,HOU,1578.49,1592.16,1424.59,1410.92,170067,92077,7736,
Western,1,3,6,LAC,SAS,1,LAC,LAC,1553.79,1571.76,1558.43,1540.46,147009,115135,8347,
Western,1,3,6,LAC,SAS,2,LAC,LAC,1571.76,1587.71,1540.46,1524.51,160099,102045,7968,
Western,1,3,6,LAC,SAS,3,SAS,LAC,1587.71,1606.38,1524.51,1505.84,138721,123423,8513,
Western,1,3,6,LAC,SAS,4,SAS,LAC,1606.38,1622.93,1505.84,1489.29,151790,110354,8250,
Western,1,4,5,MEM,POR,1,MEM,MEM,1497.37,1512.24,1446.22,1431.35,165393,96751,7819,
Western,1,4,5,MEM,POR,2,MEM,MEM,1512.24,1525.55,1431.35,1418.04,175741,86403,7573,
Western,1,4,5,MEM,POR,3,POR,MEM,1525.55,1541.71,1418.04,1401.88,154365,107779,10314,
Western,1,4,5,MEM,POR,4,POR,MEM,1541.71,1556.12,1401.88,1387.47,164878,97266,7925,
Western,2,1,4,GSW,MEM,1,GSW,GSW,1662.84,1674.87,1556.12,1544.1,183535,78609,7233,
Western,2,1,4,GSW,MEM,2,GSW,GSW,1674.87,1685.76,1544.1,1533.21,191285,70859,7382,
Western,2,1,4,GSW,MEM,3,MEM,GSW,1685.76,1699.5,1533.21,1519.47,170067,92077,7709,
Western,2,1,4,GSW,MEM,4,MEM,GSW,1699.5,1711.85,1519.47,1507.12,180596,81548,7384,
Western,2,2,3,HOU,LAC,1,HOU,HOU,1592.16,1611.63,1622.93,1603.46,136562,125582,8581,
Western,2,2,3,HOU,LAC,2,HOU,HOU,1611.63,1628.87,1603.46,1586.22,149570,112574,8304,
Western,2,2,3,HOU,LAC,3,LAC,LAC,1586.22,1606.37,1628.87,1608.72,131284,130860,8554,
Western,2,2,3,HOU,LAC,4,LAC,LAC,1606.37,1624.21,1608.72,1590.88,147009,115135,8385,
Western,2,2,3,HOU,LAC,5,HOU,HOU,1590.88,1610.49,1624.21,1604.59,133870,128274,8507,
Western,2,2,3,HOU,LAC,6,LAC,LAC,1604.59,1622.64,1610.49,1592.45,144443,117701,8947,
Western,2,2,3,HOU,LAC,7,HOU,HOU,1592.45,1611.89,1622.64,1603.2,136562,125582,8406,
Western,3,1,2,GSW,HOU,1,GSW,GSW,1711.85,1724.2,1611.89,1599.53,183535,78609,11011,
Western,3,1,2,GSW,HOU,2,GSW,GSW,1724.2,1735.37,1599.53,1588.36,191285,70859,6942,
Western,3,1,2,GSW,HOU,3,HOU,GSW,1735.37,1749.4,1588.36,1574.33,167467,94677,7817,
Western,3,1,2,GSW,HOU,4,HOU,GSW,1749.4,1761.99,1574.33,1561.74,177991,84153,7371,
Final,4,1,1,GSW,ATL,1,GSW,GSW,1761.99,1775.88,1692.34,1678.45,173186,88958,8334,
Final,4,1,1,GSW,ATL,2,GSW,GSW,1775.88,1788.36,1678.45,1665.97,180905,81239,7184,
Final,4,1,1,GSW,ATL,3,ATL,GSW,1788.36,1803.7,1665.97,1650.62,159611,102533,8105,
Final,4,1,1,GSW,ATL,4,ATL,GSW,1803.7,1817.41,1650.62,1636.91,170067,92077,7689,
