Conf,R,S1,S2,T1,T2,G,Home,Winner,WOELO,WNELO,LOELO,LNELO,SIMSW,SIMSL,D,
Eastern,1,1,8,ATL,BKN,1,ATL,ATL,1518.94,1529.85,1398.55,1387.64,191377,70767,9004,
Eastern,1,1,8,ATL,BKN,2,ATL,ATL,1529.85,1539.79,1387.64,1377.7,199206,62938,3784,
Eastern,1,1,8,ATL,BKN,3,BKN,ATL,1539.79,1553.55,1377.7,1363.93,170426,91718,3816,
Eastern,1,1,8,ATL,BKN,4,BKN,ATL,1553.55,1565.92,1363.93,1351.56,180958,81186,3682,
Eastern,1,2,7,CLE,BOS,1,CLE,CLE,1526.41,1539.47,1450.73,1437.67,178375,83769,3669,
Eastern,1,2,7,CLE,BOS,2,CLE,CLE,1539.47,1551.25,1437.67,1425.89,186201,75943,3588,
Eastern,1,2,7,CLE,BOS,3,BOS,CLE,1551.25,1566.98,1425.89,1410.16,157300,104844,4045,
Eastern,1,2,7,CLE,BOS,4,BOS,CLE,1566.98,1581.02,1410.16,1396.12,167782,94362,3871,
Eastern,1,3,6,CHI,MIL,1,CHI,CHI,1464.27,1476.8,1377.8,1365.27,181034,81110,3604,
Eastern,1,3,6,CHI,MIL,2,CHI,CHI,1476.8,1488.12,1365.27,1353.95,188743,73401,3462,
Eastern,1,3,6,CHI,MIL,3,MIL,CHI,1488.12,1503.36,1353.95,1338.71,159948,102196,4113,
Eastern,1,3,6,CHI,MIL,4,MIL,CHI,1503.36,1516.99,1338.71,1325.08,170426,91718,3961,
Eastern,1,4,5,TOR,WAS,1,TOR,TOR,1430.14,1446.41,1414.57,1398.3,157112,105032,4133,
Eastern,1,4,5,TOR,WAS,2,TOR,TOR,1446.41,1460.91,1398.3,1383.81,167812,94332,3857,
Eastern,1,4,5,TOR,WAS,3,WAS,TOR,1460.91,1479.35,1383.81,1365.36,139065,123079,4256,
Eastern,1,4,5,TOR,WAS,4,WAS,TOR,1479.35,1495.71,1365.36,1349.01,154750,107394,5361,
Eastern,2,1,4,ATL,TOR,1,ATL,ATL,1565.92,1579.27,1495.71,1482.36,175735,86409,3780,
Eastern,2,1,4,ATL,TOR,2,ATL,ATL,1579.27,1591.28,1482.36,1470.35,183610,78534,3596,
Eastern,2,1,4,ATL,TOR,3,TOR,ATL,1591.28,1607.25,1470.35,1454.38,157300,104844,4144,
Eastern,2,1,4,ATL,TOR,4,TOR,ATL,1607.25,1621.5,1454.38,1440.13,167782,94362,4927,
Eastern,2,2,3,CLE,CHI,1,CLE,CLE,1581.02,1594.68,1516.99,1503.33,172980,89164,3737,
Eastern,2,2,3,CLE,CHI,2,CLE,CLE,1594.68,1606.97,1503.33,1491.05,183610,78534,3560,
Eastern,2,2,3,CLE,CHI,3,CHI,CLE,1606.97,1623.22,1491.05,1474.8,154750,107394,4184,
Eastern,2,2,3,CLE,CHI,4,CHI,CLE,1623.22,1637.7,1474.8,1460.32,165157,96987,5113,
Eastern,3,1,2,ATL,CLE,1,ATL,ATL,1621.5,1639.56,1637.7,1619.64,144015,118129,4193,
Eastern,3,1,2,ATL,CLE,2,ATL,ATL,1639.56,1655.59,1619.64,1603.61,157112,105032,4021,
Eastern,3,1,2,ATL,CLE,3,CLE,ATL,1655.59,1675.47,1603.61,1583.72,131123,131021,4734,
Eastern,3,1,2,ATL,CLE,4,CLE,ATL,1675.47,1693.08,1583.72,1566.11,144289,117855,4308,
Western,1,1,8,GSW,NOP,1,GSW,GSW,1624.23,1632.93,1452.03,1443.32,207104,55040,3231,
Western,1,1,8,GSW,NOP,2,GSW,GSW,1632.93,1640.98,1443.32,1435.27,209775,52369,3096,
Western,1,1,8,GSW,NOP,3,NOP,GSW,1640.98,1652.57,1435.27,1423.68,186268,75876,3648,
Western,1,1,8,GSW,NOP,4,NOP,GSW,1652.57,1663.1,1423.68,1413.15,191570,70574,3451,
Western,1,2,7,HOU,DAL,1,HOU,HOU,1536.94,1550.25,1466.14,1452.83,175735,86409,3811,
Western,1,2,7,HOU,DAL,2,HOU,HOU,1550.25,1562.24,1452.83,1440.84,186201,75943,3507,
Western,1,2,7,HOU,DAL,3,DAL,HOU,1562.24,1578.19,1440.84,1424.89,157300,104844,4027,
Western,1,2,7,HOU,DAL,4,DAL,HOU,1578.19,1592.41,1424.89,1410.67,167782,94362,4009,
Western,1,3,6,LAC,SAS,1,LAC,LAC,1553.79,1571.19,1558.43,1541.03,149337,112807,4128,
Western,1,3,6,LAC,SAS,2,LAC,LAC,1571.19,1586.66,1541.03,1525.56,162321,99823,7269,
Western,1,3,6,LAC,SAS,3,SAS,LAC,1586.66,1606.02,1525.56,1506.2,133799,128345,9546,
Western,1,3,6,LAC,SAS,4,SAS,LAC,1606.02,1623.17,1506.2,1489.05,149586,112558,4242,
Western,1,4,5,MEM,POR,1,MEM,MEM,1497.37,1511.71,1446.22,1431.88,170396,91748,3839,
Western,1,4,5,MEM,POR,2,MEM,MEM,1511.71,1524.57,1431.88,1419.03,178375,83769,3752,
Western,1,4,5,MEM,POR,3,POR,MEM,1524.57,1541.4,1419.03,1402.2,149586,112558,4141,
Western,1,4,5,MEM,POR,4,POR,MEM,1541.4,1556.37,1402.2,1387.22,162575,99569,4531,
Western,2,1,4,GSW,MEM,1,GSW,GSW,1663.1,1674.64,1556.37,1544.83,188743,73401,3580,
Western,2,1,4,GSW,MEM,2,GSW,GSW,1674.64,1685.12,1544.83,1534.34,193962,68182,3356,
Western,2,1,4,GSW,MEM,3,MEM,GSW,1685.12,1699.48,1534.34,1519.99,167782,94362,3912,
Western,2,1,4,GSW,MEM,4,MEM,GSW,1699.48,1712.35,1519.99,1507.11,175738,86406,3846,
Western,2,2,3,HOU,LAC,1,HOU,HOU,1592.41,1611.3,1623.17,1604.28,138828,123316,6812,
Western,2,2,3,HOU,LAC,2,HOU,HOU,1611.3,1628.05,1604.28,1587.53,154541,107603,4110,
Western,2,2,3,HOU,LAC,3,LAC,LAC,1587.53,1606.99,1628.05,1608.6,136161,125983,6250,
Western,2,2,3,HOU,LAC,4,LAC,LAC,1606.99,1624.22,1608.6,1591.36,149337,112807,4136,
Western,2,2,3,HOU,LAC,5,HOU,HOU,1591.36,1610.38,1624.22,1605.21,138828,123316,4230,
Western,2,2,3,HOU,LAC,6,LAC,LAC,1605.21,1622.64,1610.38,1592.94,149337,112807,4237,
Western,2,2,3,HOU,LAC,7,HOU,HOU,1592.94,1611.78,1622.64,1603.81,138828,123316,5766,
Western,3,1,2,GSW,HOU,1,GSW,GSW,1712.35,1724.19,1611.78,1599.94,186201,75943,3554,
Western,3,1,2,GSW,HOU,2,GSW,GSW,1724.19,1734.92,1599.94,1589.21,193962,68182,3427,
Western,3,1,2,GSW,HOU,3,HOU,GSW,1734.92,1749.55,1589.21,1574.58,165157,96987,4129,
Western,3,1,2,GSW,HOU,4,HOU,GSW,1749.55,1762.65,1574.58,1561.48,175738,86406,4397,
Final,4,1,1,GSW,ATL,1,GSW,GSW,1762.65,1776.03,1693.08,1679.71,175735,86409,3704,
Final,4,1,1,GSW,ATL,2,GSW,GSW,1776.03,1788.07,1679.71,1667.66,183610,78534,3612,
Final,4,1,1,GSW,ATL,3,ATL,GSW,1788.07,1804.07,1667.66,1651.66,154750,107394,4139,
Final,4,1,1,GSW,ATL,4,ATL,GSW,1804.07,1818.34,1651.66,1637.39,167782,94362,5287,
