Conf,R,S1,S2,T1,T2,G,Home,Winner,WOELO,WNELO,LOELO,LNELO,SIMSW,SIMSL,D,
Eastern,1,1,8,ATL,BKN,1,ATL,ATL,1518.94,1529.4,1398.55,1388.09,377,135,167,
Eastern,1,1,8,ATL,BKN,2,ATL,ATL,1529.4,1538.96,1388.09,1378.53,395,117,68,
Eastern,1,1,8,ATL,BKN,3,BKN,ATL,1538.96,1553.33,1378.53,1364.16,339,173,68,
Eastern,1,1,8,ATL,BKN,4,BKN,ATL,1553.33,1566.22,1364.16,1351.27,359,153,69,
Eastern,1,2,7,CLE,BOS,1,CLE,CLE,1526.41,1538.97,1450.73,1438.17,350,162,70,
Eastern,1,2,7,CLE,BOS,2,CLE,CLE,1538.97,1550.33,1438.17,1426.82,364,148,68,
Eastern,1,2,7,CLE,BOS,3,BOS,CLE,1550.33,1566.71,1426.82,1410.43,307,205,69,
Eastern,1,2,7,CLE,BOS,4,BOS,CLE,1566.71,1581.31,1410.43,1395.84,337,175,69,
Eastern,1,3,6,CHI,MIL,1,CHI,CHI,1464.27,1476.31,1377.8,1365.76,357,155,67,
Eastern,1,3,6,CHI,MIL,2,CHI,CHI,1476.31,1487.21,1365.76,1354.86,369,143,89,
Eastern,1,3,6,CHI,MIL,3,MIL,CHI,1487.21,1503.1,1354.86,1338.97,312,200,70,
Eastern,1,3,6,CHI,MIL,4,MIL,CHI,1503.1,1517.28,1338.97,1324.79,339,173,829,
Eastern,1,4,5,TOR,WAS,1,TOR,TOR,1430.14,1445.85,1414.57,1398.86,307,205,65,
Eastern,1,4,5,TOR,WAS,2,TOR,TOR,1445.85,1459.88,1398.86,1384.83,332,180,63,
Eastern,1,4,5,TOR,WAS,3,WAS,TOR,1459.88,1479.02,1384.83,1365.69,273,239,64,
Eastern,1,4,5,TOR,WAS,4,WAS,TOR,1479.02,1495.97,1365.69,1348.74,297,215,64,
Eastern,2,1,4,ATL,TOR,1,ATL,ATL,1566.22,1579.05,1495.97,1483.14,348,164,63,
Eastern,2,1,4,ATL,TOR,2,ATL,ATL,1579.05,1590.64,1483.14,1471.55,364,148,62,
Eastern,2,1,4,ATL,TOR,3,TOR,ATL,1590.64,1607.27,1471.55,1454.92,301,211,64,
Eastern,2,1,4,ATL,TOR,4,TOR,ATL,1607.27,1622.07,1454.92,1440.12,332,180,63,
Eastern,2,2,3,CLE,CHI,1,CLE,CLE,1581.31,1594.45,1517.28,1504.13,348,164,63,
Eastern,2,2,3,CLE,CHI,2,CLE,CLE,1594.45,1606.3,1504.13,1492.28,362,150,62,
Eastern,2,2,3,CLE,CHI,3,CHI,CLE,1606.3,1623.22,1492.28,1475.37,297,215,63,
Eastern,2,2,3,CLE,CHI,4,CHI,CLE,1623.22,1638.27,1475.37,1460.32,332,180,63,
Eastern,3,1,2,ATL,CLE,1,ATL,ATL,1622.07,1639.57,1638.27,1620.78,282,230,63,
Eastern,3,1,2,ATL,CLE,2,ATL,ATL,1639.57,1655.11,1620.78,1605.23,313,199,63,
Eastern,3,1,2,ATL,CLE,3,CLE,ATL,1655.11,1675.69,1605.23,1584.65,256,256,63,
Eastern,3,1,2,ATL,CLE,4,CLE,ATL,1675.69,1693.91,1584.65,1566.43,284,228,63,
Western,1,1,8,GSW,NOP,1,GSW,GSW,1624.23,1632.55,1452.03,1443.7,410,102,807,
Western,1,1,8,GSW,NOP,2,GSW,GSW,1632.55,1640.26,1443.7,1435.99,413,99,69,
Western,1,1,8,GSW,NOP,3,NOP,GSW,1640.26,1652.4,1435.99,1423.85,371,141,605,
Western,1,1,8,GSW,NOP,4,NOP,GSW,1652.4,1663.39,1423.85,1412.86,388,124,222,
Western,1,2,7,HOU,DAL,1,HOU,HOU,1536.94,1549.75,1466.14,1453.33,348,164,70,
Western,1,2,7,HOU,DAL,2,HOU,HOU,1549.75,1561.3,1453.33,1441.78,364,148,68,
Western,1,2,7,HOU,DAL,3,DAL,HOU,1561.3,1577.91,1441.78,1425.17,301,211,68,
Western,1,2,7,HOU,DAL,4,DAL,HOU,1577.91,1592.7,1425.17,1410.38,337,175,68,
Western,1,3,6,LAC,SAS,1,LAC,LAC,1553.79,1570.63,1558.43,1541.59,289,223,66,
Western,1,3,6,LAC,SAS,2,LAC,LAC,1570.63,1585.61,1541.59,1526.61,317,195,64,
Western,1,3,6,LAC,SAS,3,SAS,LAC,1585.61,1605.67,1526.61,1506.55,260,252,64,
Western,1,3,6,LAC,SAS,4,SAS,LAC,1605.67,1623.43,1506.55,1488.79,288,224,64,
Western,1,4,5,MEM,POR,1,MEM,MEM,1497.37,1511.18,1446.22,1432.41,340,172,63,
Western,1,4,5,MEM,POR,2,MEM,MEM,1511.18,1523.6,1432.41,1420,350,162,63,
Western,1,4,5,MEM,POR,3,POR,MEM,1523.6,1541.1,1420,1402.49,293,219,63,
Western,1,4,5,MEM,POR,4,POR,MEM,1541.1,1556.65,1402.49,1386.94,322,190,63,
Western,2,1,4,GSW,MEM,1,GSW,GSW,1663.39,1674.47,1556.65,1545.57,369,143,62,
Western,2,1,4,GSW,MEM,2,GSW,GSW,1674.47,1684.55,1545.57,1535.49,385,127,61,
Western,2,1,4,GSW,MEM,3,MEM,GSW,1684.55,1699.54,1535.49,1520.51,332,180,63,
Western,2,1,4,GSW,MEM,4,MEM,GSW,1699.54,1712.94,1520.51,1507.1,354,158,63,
Western,2,2,3,HOU,LAC,1,HOU,HOU,1592.7,1611.01,1623.43,1605.11,271,241,64,
Western,2,2,3,HOU,LAC,2,HOU,HOU,1611.01,1627.27,1605.11,1588.86,300,212,63,
Western,2,2,3,HOU,LAC,3,LAC,LAC,1588.86,1607.62,1627.27,1608.51,265,247,63,
Western,2,2,3,HOU,LAC,4,LAC,LAC,1607.62,1624.25,1608.51,1591.88,296,216,64,
Western,2,2,3,HOU,LAC,5,HOU,HOU,1591.88,1610.29,1624.25,1605.83,265,247,63,
Western,2,2,3,HOU,LAC,6,LAC,LAC,1605.83,1622.66,1610.29,1593.46,289,223,63,
Western,2,2,3,HOU,LAC,7,HOU,HOU,1593.46,1611.69,1622.66,1604.43,271,241,63,
Western,3,1,2,GSW,HOU,1,GSW,GSW,1712.94,1724.27,1611.69,1600.36,364,148,74,
Western,3,1,2,GSW,HOU,2,GSW,GSW,1724.27,1734.57,1600.36,1590.06,385,127,63,
Western,3,1,2,GSW,HOU,3,HOU,GSW,1734.57,1749.8,1590.06,1574.83,322,190,63,
Western,3,1,2,GSW,HOU,4,HOU,GSW,1749.8,1763.42,1574.83,1561.22,349,163,63,
Final,4,1,1,GSW,ATL,1,GSW,GSW,1763.42,1776.29,1693.91,1681.04,348,164,63,
Final,4,1,1,GSW,ATL,2,GSW,GSW,1776.29,1787.9,1681.04,1669.42,362,150,62,
Final,4,1,1,GSW,ATL,3,ATL,GSW,1787.9,1804.57,1669.42,1652.76,301,211,64,
Final,4,1,1,GSW,ATL,4,ATL,GSW,1804.57,1819.4,1652.76,1637.92,332,180,63,
