Conf,R,S1,S2,T1,T2,G,Home,Winner,WOELO,WNELO,LOELO,LNELO,SIMSW,SIMSL,D,
Eastern,1,1,8,ATL,BKN,1,ATL,ATL,1518.94,1526.79,1398.55,1390.7,45,19,244,
Eastern,1,1,8,ATL,BKN,2,ATL,ATL,1526.79,1534.12,1390.7,1383.37,48,16,59,
Eastern,1,1,8,ATL,BKN,3,BKN,ATL,1534.12,1545.29,1383.37,1372.2,44,20,56,
Eastern,1,1,8,ATL,BKN,4,BKN,ATL,1545.29,1555.57,1372.2,1361.92,44,20,58,
Eastern,1,2,7,CLE,BOS,1,CLE,CLE,1526.41,1535.83,1450.73,1441.31,42,22,116,
Eastern,1,2,7,CLE,BOS,2,CLE,CLE,1535.83,1544.57,1441.31,1432.57,44,20,50,
Eastern,1,2,7,CLE,BOS,3,BOS,CLE,1544.57,1557.34,1432.57,1419.8,39,25,49,
Eastern,1,2,7,CLE,BOS,4,BOS,CLE,1557.34,1569.05,1419.8,1408.1,43,21,72,
Eastern,1,3,6,CHI,MIL,1,CHI,CHI,1464.27,1473.3,1377.8,1368.77,44,20,72,
Eastern,1,3,6,CHI,MIL,2,CHI,CHI,1473.3,1481.68,1368.77,1360.39,44,20,51,
Eastern,1,3,6,CHI,MIL,3,MIL,CHI,1481.68,1494.06,1360.39,1348.01,41,23,56,
Eastern,1,3,6,CHI,MIL,4,MIL,CHI,1494.06,1505.42,1348.01,1336.65,43,21,83,
Eastern,1,4,5,TOR,WAS,1,TOR,TOR,1430.14,1441.93,1414.57,1402.79,34,30,49,
Eastern,1,4,5,TOR,WAS,2,TOR,TOR,1441.93,1452.76,1402.79,1391.95,37,27,71,
Eastern,1,4,5,TOR,WAS,3,WAS,TOR,1452.76,1467.72,1391.95,1376.99,35,29,55,
Eastern,1,4,5,TOR,WAS,4,WAS,TOR,1467.72,1481.4,1376.99,1363.31,40,24,55,
Eastern,2,1,4,ATL,TOR,1,ATL,ATL,1555.57,1565.05,1481.4,1471.92,44,20,90,
Eastern,2,1,4,ATL,TOR,2,ATL,ATL,1565.05,1573.84,1471.92,1463.13,42,22,61,
Eastern,2,1,4,ATL,TOR,3,TOR,ATL,1573.84,1586.66,1463.13,1450.31,37,27,780,
Eastern,2,1,4,ATL,TOR,4,TOR,ATL,1586.66,1598.42,1450.31,1438.55,41,23,41,
Eastern,2,2,3,CLE,CHI,1,CLE,CLE,1569.05,1578.92,1505.42,1495.55,41,23,59,
Eastern,2,2,3,CLE,CHI,2,CLE,CLE,1578.92,1588.06,1495.55,1486.41,42,22,61,
Eastern,2,2,3,CLE,CHI,3,CHI,CLE,1588.06,1601.27,1486.41,1473.2,39,25,73,
Eastern,2,2,3,CLE,CHI,4,CHI,CLE,1601.27,1613.37,1473.2,1461.1,40,24,44,
Eastern,3,1,2,ATL,CLE,1,ATL,ATL,1598.42,1611.48,1613.37,1600.31,33,31,88,
Eastern,3,1,2,ATL,CLE,2,ATL,ATL,1611.48,1623.45,1600.31,1588.34,37,27,42,
Eastern,3,1,2,ATL,CLE,3,CLE,ATL,1623.45,1639.53,1588.34,1572.26,32,32,89,
Eastern,3,1,2,ATL,CLE,4,CLE,ATL,1639.53,1654.21,1572.26,1557.58,39,25,93,
Western,1,1,8,GSW,NOP,1,GSW,GSW,1624.23,1630.47,1452.03,1445.78,50,14,57,
Western,1,1,8,GSW,NOP,2,GSW,GSW,1630.47,1636.36,1445.78,1439.89,48,16,58,
Western,1,1,8,GSW,NOP,3,NOP,GSW,1636.36,1645.75,1439.89,1430.5,44,20,56,
Western,1,1,8,GSW,NOP,4,NOP,GSW,1645.75,1654.46,1430.5,1421.79,48,16,99,
Western,1,2,7,HOU,DAL,1,HOU,HOU,1536.94,1546.54,1466.14,1456.54,38,26,81,
Western,1,2,7,HOU,DAL,2,HOU,HOU,1546.54,1555.44,1456.54,1447.64,44,20,99,
Western,1,2,7,HOU,DAL,3,DAL,HOU,1555.44,1568.39,1447.64,1434.69,39,25,97,
Western,1,2,7,HOU,DAL,4,DAL,HOU,1568.39,1580.26,1434.69,1422.82,45,19,125,
Western,1,3,6,LAC,SAS,1,LAC,LAC,1553.79,1566.42,1558.43,1545.8,37,27,53,
Western,1,3,6,LAC,SAS,2,LAC,LAC,1566.42,1578,1545.8,1534.22,36,28,124,
Western,1,3,6,LAC,SAS,3,SAS,LAC,1578,1593.7,1534.22,1518.52,33,31,49,
Western,1,3,6,LAC,SAS,4,SAS,LAC,1593.7,1608.05,1518.52,1504.17,43,21,73,
Western,1,4,5,MEM,POR,1,MEM,MEM,1497.37,1507.73,1446.22,1435.86,41,23,151,
Western,1,4,5,MEM,POR,2,MEM,MEM,1507.73,1517.3,1435.86,1426.3,43,21,90,
Western,1,4,5,MEM,POR,3,POR,MEM,1517.3,1530.96,1426.3,1412.63,38,26,671,
Western,1,4,5,MEM,POR,4,POR,MEM,1530.96,1543.47,1412.63,1400.13,41,23,228,
Western,2,1,4,GSW,MEM,1,GSW,GSW,1654.46,1662.63,1543.47,1535.31,45,19,86,
Western,2,1,4,GSW,MEM,2,GSW,GSW,1662.63,1670.24,1535.31,1527.69,47,17,58,
Western,2,1,4,GSW,MEM,3,MEM,GSW,1670.24,1681.74,1527.69,1516.19,43,21,37,
Western,2,1,4,GSW,MEM,4,MEM,GSW,1681.74,1692.32,1516.19,1505.61,43,21,61,
Western,2,2,3,HOU,LAC,1,HOU,LAC,1608.05,1624.43,1580.26,1563.87,35,29,87,
Western,2,2,3,HOU,LAC,2,HOU,LAC,1624.43,1639.41,1563.87,1548.89,34,30,36,
Western,2,2,3,HOU,LAC,3,LAC,LAC,1639.41,1648.29,1548.89,1540.01,44,20,60,
Western,2,2,3,HOU,LAC,4,LAC,LAC,1648.29,1656.54,1540.01,1531.76,43,21,84,
Western,3,1,3,GSW,LAC,1,GSW,GSW,1692.32,1703.29,1656.54,1645.58,37,27,36,
Western,3,1,3,GSW,LAC,2,GSW,GSW,1703.29,1713.39,1645.58,1635.47,41,23,60,
Western,3,1,3,GSW,LAC,3,LAC,GSW,1713.39,1727.62,1635.47,1621.24,39,25,77,
Western,3,1,3,GSW,LAC,4,LAC,GSW,1727.62,1740.63,1621.24,1608.24,39,25,43,
Final,4,1,1,GSW,ATL,1,GSW,GSW,1740.63,1749.66,1654.21,1645.18,43,21,91,
Final,4,1,1,GSW,ATL,2,GSW,GSW,1749.66,1758.04,1645.18,1636.8,43,21,37,
Final,4,1,1,GSW,ATL,3,ATL,GSW,1758.04,1770.42,1636.8,1624.41,41,23,60,
Final,4,1,1,GSW,ATL,4,ATL,GSW,1770.42,1781.79,1624.41,1613.05,42,22,93,
