Conf,R,S1,S2,T1,T2,G,Home,Winner,WOELO,WNELO,LOELO,LNELO,SIMSW,SIMSL,D,
Eastern,1,1,8,IND,ATL,1,IND,IND,1459.74,1468.73,1362.33,1353.34,350,162,166,
Eastern,1,1,8,IND,ATL,2,IND,IND,1468.73,1477.08,1353.34,1344.99,364,148,29,
Eastern,1,1,8,IND,ATL,3,ATL,IND,1477.08,1488.6,1344.99,1333.47,322,190,29,
Eastern,1,1,8,IND,ATL,4,ATL,IND,1488.6,1499.2,1333.47,1322.87,334,178,28,
Eastern,1,2,7,MIA,CHA,1,MIA,MIA,1458.71,1471.5,1457.14,1444.35,285,227,28,
Eastern,1,2,7,MIA,CHA,2,MIA,MIA,1471.5,1483.23,1444.35,1432.63,297,215,29,
Eastern,1,2,7,MIA,CHA,3,CHA,MIA,1483.23,1498.2,1432.63,1417.66,272,240,28,
Eastern,1,2,7,MIA,CHA,4,CHA,MIA,1498.2,1511.89,1417.66,1403.97,287,225,28,
Eastern,1,3,6,TOR,BKN,1,TOR,TOR,1463.32,1475.3,1442.38,1430.4,297,215,29,
Eastern,1,3,6,TOR,BKN,2,TOR,TOR,1475.3,1486.3,1430.4,1419.4,316,196,28,
Eastern,1,3,6,TOR,BKN,3,BKN,TOR,1486.3,1500.57,1419.4,1405.13,282,230,28,
Eastern,1,3,6,TOR,BKN,4,BKN,TOR,1500.57,1513.62,1405.13,1392.08,296,216,28,
Eastern,1,4,5,CHI,WAS,1,CHI,CHI,1484.42,1495.23,1434.72,1423.91,316,196,28,
Eastern,1,4,5,CHI,WAS,2,CHI,CHI,1495.23,1505.19,1423.91,1413.95,326,186,27,
Eastern,1,4,5,CHI,WAS,3,WAS,CHI,1505.19,1518.42,1413.95,1400.72,291,221,27,
Eastern,1,4,5,CHI,WAS,4,WAS,CHI,1518.42,1530.53,1400.72,1388.61,317,195,28,
Eastern,2,1,4,IND,CHI,1,IND,IND,1499.2,1513.39,1530.53,1516.34,258,254,28,
Eastern,2,1,4,IND,CHI,2,IND,IND,1513.39,1526.37,1516.34,1503.36,281,231,27,
Eastern,2,1,4,IND,CHI,3,CHI,CHI,1503.36,1517.2,1526.37,1512.54,262,250,27,
Eastern,2,1,4,IND,CHI,4,CHI,CHI,1517.2,1529.85,1512.54,1499.88,285,227,28,
Eastern,2,1,4,IND,CHI,5,IND,IND,1499.88,1514.01,1529.85,1515.72,258,254,27,
Eastern,2,1,4,IND,CHI,6,CHI,CHI,1515.72,1528.5,1514.01,1501.23,285,227,27,
Eastern,2,1,4,IND,CHI,7,IND,IND,1501.23,1515.25,1528.5,1514.48,262,250,26,
Eastern,2,2,3,MIA,TOR,1,MIA,MIA,1511.89,1524.82,1513.62,1500.69,281,231,28,
Eastern,2,2,3,MIA,TOR,2,MIA,MIA,1524.82,1536.66,1500.69,1488.85,297,215,27,
Eastern,2,2,3,MIA,TOR,3,TOR,MIA,1536.66,1551.76,1488.85,1473.75,264,248,28,
Eastern,2,2,3,MIA,TOR,4,TOR,MIA,1551.76,1565.55,1473.75,1459.96,287,225,27,
Eastern,3,1,2,IND,MIA,1,IND,MIA,1565.55,1580.54,1515.25,1500.26,272,240,28,
Eastern,3,1,2,IND,MIA,2,IND,MIA,1580.54,1594.23,1500.26,1486.57,287,225,27,
Eastern,3,1,2,IND,MIA,3,MIA,MIA,1594.23,1602.86,1486.57,1477.94,354,158,28,
Eastern,3,1,2,IND,MIA,4,MIA,MIA,1602.86,1610.89,1477.94,1469.91,372,140,27,
Western,1,1,8,SAS,DAL,1,SAS,SAS,1581.9,1590.84,1483.07,1474.13,350,162,28,
Western,1,1,8,SAS,DAL,2,SAS,SAS,1590.84,1599.14,1474.13,1465.82,364,148,27,
Western,1,1,8,SAS,DAL,3,DAL,SAS,1599.14,1610.62,1465.82,1454.35,322,190,28,
Western,1,1,8,SAS,DAL,4,DAL,SAS,1610.62,1621.17,1454.35,1443.8,334,178,28,
Western,1,2,7,OKC,MEM,1,OKC,OKC,1531.21,1543.69,1522.26,1509.78,286,226,30,
Western,1,2,7,OKC,MEM,2,OKC,OKC,1543.69,1555.13,1509.78,1498.33,302,210,28,
Western,1,2,7,OKC,MEM,3,MEM,OKC,1555.13,1569.84,1498.33,1483.63,272,240,28,
Western,1,2,7,OKC,MEM,4,MEM,OKC,1569.84,1583.28,1483.63,1470.18,291,221,29,
Western,1,3,6,LAC,GSW,1,LAC,LAC,1545.9,1556.68,1495.26,1484.49,318,194,28,
Western,1,3,6,LAC,GSW,2,LAC,LAC,1556.68,1566.61,1484.49,1474.56,326,186,27,
Western,1,3,6,LAC,GSW,3,GSW,LAC,1566.61,1579.8,1474.56,1461.37,296,216,28,
Western,1,3,6,LAC,GSW,4,GSW,LAC,1579.8,1591.89,1461.37,1449.28,317,195,29,
Western,1,4,5,HOU,POR,1,HOU,HOU,1508.44,1520.83,1497.38,1484.99,286,226,28,
Western,1,4,5,HOU,POR,2,HOU,HOU,1520.83,1532.2,1484.99,1473.62,307,205,28,
Western,1,4,5,HOU,POR,3,POR,HOU,1532.2,1546.83,1473.62,1458.99,277,235,28,
Western,1,4,5,HOU,POR,4,POR,HOU,1546.83,1560.2,1458.99,1445.62,291,221,28,
Western,2,1,4,SAS,HOU,1,SAS,SAS,1621.17,1631.53,1560.2,1549.84,324,188,27,
Western,2,1,4,SAS,HOU,2,SAS,SAS,1631.53,1641.1,1549.84,1540.26,337,175,26,
Western,2,1,4,SAS,HOU,3,HOU,SAS,1641.1,1653.92,1540.26,1527.44,303,209,27,
Western,2,1,4,SAS,HOU,4,HOU,SAS,1653.92,1665.67,1527.44,1515.69,319,193,27,
Western,2,2,3,OKC,LAC,1,OKC,OKC,1583.28,1596.5,1591.89,1578.66,276,236,27,
Western,2,2,3,OKC,LAC,2,OKC,OKC,1596.5,1608.61,1578.66,1566.56,290,222,27,
Western,2,2,3,OKC,LAC,3,LAC,OKC,1608.61,1623.95,1566.56,1551.21,260,252,26,
Western,2,2,3,OKC,LAC,4,LAC,OKC,1623.95,1637.97,1551.21,1537.19,285,227,27,
Western,3,1,2,SAS,OKC,1,SAS,SAS,1665.67,1677.37,1637.97,1626.27,297,215,27,
Western,3,1,2,SAS,OKC,2,SAS,SAS,1677.37,1688.13,1626.27,1615.52,318,194,26,
Western,3,1,2,SAS,OKC,3,OKC,SAS,1688.13,1702.15,1615.52,1601.49,285,227,28,
Western,3,1,2,SAS,OKC,4,OKC,SAS,1702.15,1714.98,1601.49,1588.67,303,209,27,
Final,4,1,2,SAS,MIA,1,SAS,SAS,1714.98,1723.73,1610.89,1602.13,350,162,29,
Final,4,1,2,SAS,MIA,2,SAS,SAS,1723.73,1731.87,1602.13,1593.99,364,148,27,
Final,4,1,2,SAS,MIA,3,MIA,SAS,1731.87,1743.16,1593.99,1582.71,325,187,49,
Final,4,1,2,SAS,MIA,4,MIA,SAS,1743.16,1753.54,1582.71,1572.32,339,173,53,
