Conf,R,S1,S2,T1,T2,G,Home,Winner,WOELO,WNELO,LOELO,LNELO,SIMSW,SIMSL,D,
Eastern,1,1,8,IND,ATL,1,IND,IND,1459.74,1468.73,1362.33,1353.34,41,23,268,
Eastern,1,1,8,IND,ATL,2,IND,IND,1468.73,1477.08,1353.34,1344.99,46,18,158,
Eastern,1,1,8,IND,ATL,3,ATL,IND,1477.08,1488.6,1344.99,1333.47,41,23,172,
Eastern,1,1,8,IND,ATL,4,ATL,IND,1488.6,1499.2,1333.47,1322.87,43,21,157,
Eastern,1,2,7,MIA,CHA,1,MIA,CHA,1457.14,1474.35,1458.71,1441.5,34,30,156,
Eastern,1,2,7,MIA,CHA,2,MIA,CHA,1474.35,1490.09,1441.5,1425.76,36,28,155,
Eastern,1,2,7,MIA,CHA,3,CHA,CHA,1490.09,1500.33,1425.76,1415.53,38,26,154,
Eastern,1,2,7,MIA,CHA,4,CHA,CHA,1500.33,1509.79,1415.53,1406.07,39,25,155,
Eastern,1,3,6,TOR,BKN,1,TOR,BKN,1442.38,1460.4,1463.32,1445.3,33,31,154,
Eastern,1,3,6,TOR,BKN,2,TOR,BKN,1460.4,1476.9,1445.3,1428.8,35,29,155,
Eastern,1,3,6,TOR,BKN,3,BKN,BKN,1476.9,1487.78,1428.8,1417.93,35,29,154,
Eastern,1,3,6,TOR,BKN,4,BKN,BKN,1487.78,1497.8,1417.93,1407.9,38,26,154,
Eastern,1,4,5,CHI,WAS,1,CHI,CHI,1484.42,1495.23,1434.72,1423.91,35,29,155,
Eastern,1,4,5,CHI,WAS,2,CHI,CHI,1495.23,1505.19,1423.91,1413.95,38,26,172,
Eastern,1,4,5,CHI,WAS,3,WAS,CHI,1505.19,1518.42,1413.95,1400.72,39,25,156,
Eastern,1,4,5,CHI,WAS,4,WAS,CHI,1518.42,1530.53,1400.72,1388.61,40,24,168,
Eastern,2,1,4,IND,CHI,1,IND,CHI,1530.53,1546.34,1499.2,1483.39,36,28,153,
Eastern,2,1,4,IND,CHI,2,IND,CHI,1546.34,1560.78,1483.39,1468.95,37,27,155,
Eastern,2,1,4,IND,CHI,3,CHI,CHI,1560.78,1569.98,1468.95,1459.75,39,25,154,
Eastern,2,1,4,IND,CHI,4,CHI,CHI,1569.98,1578.51,1459.75,1451.22,45,19,155,
Eastern,2,6,7,BKN,CHA,1,BKN,CHA,1509.79,1526.42,1497.8,1481.16,35,29,154,
Eastern,2,6,7,BKN,CHA,2,BKN,CHA,1526.42,1541.62,1481.16,1465.96,36,28,152,
Eastern,2,6,7,BKN,CHA,3,CHA,CHA,1541.62,1551.42,1465.96,1456.16,39,25,153,
Eastern,2,6,7,BKN,CHA,4,CHA,CHA,1551.42,1560.49,1456.16,1447.09,39,25,154,
Eastern,3,4,7,CHI,CHA,1,CHI,CHA,1560.49,1578.39,1578.51,1560.61,33,31,154,
Eastern,3,4,7,CHI,CHA,2,CHI,CHA,1578.39,1594.78,1560.61,1544.22,35,29,153,
Eastern,3,4,7,CHI,CHA,3,CHA,CHA,1594.78,1605.56,1544.22,1533.45,35,29,153,
Eastern,3,4,7,CHI,CHA,4,CHA,CHA,1605.56,1615.49,1533.45,1523.51,38,26,154,
Western,1,1,8,SAS,DAL,1,SAS,SAS,1581.9,1590.84,1483.07,1474.13,41,23,156,
Western,1,1,8,SAS,DAL,2,SAS,SAS,1590.84,1599.14,1474.13,1465.82,46,18,155,
Western,1,1,8,SAS,DAL,3,DAL,SAS,1599.14,1610.62,1465.82,1454.35,41,23,154,
Western,1,1,8,SAS,DAL,4,DAL,SAS,1610.62,1621.17,1454.35,1443.8,43,21,154,
Western,1,2,7,OKC,MEM,1,OKC,MEM,1522.26,1539.78,1531.21,1513.69,33,31,156,
Western,1,2,7,OKC,MEM,2,OKC,MEM,1539.78,1555.81,1513.69,1497.66,36,28,156,
Western,1,2,7,OKC,MEM,3,MEM,MEM,1555.81,1566.28,1497.66,1487.18,38,26,146,
Western,1,2,7,OKC,MEM,4,MEM,MEM,1566.28,1575.95,1487.18,1477.51,39,25,156,
Western,1,3,6,LAC,GSW,1,LAC,LAC,1545.9,1556.68,1495.26,1484.49,35,29,157,
Western,1,3,6,LAC,GSW,2,LAC,LAC,1556.68,1566.61,1484.49,1474.56,38,26,156,
Western,1,3,6,LAC,GSW,3,GSW,LAC,1566.61,1579.8,1474.56,1461.37,39,25,154,
Western,1,3,6,LAC,GSW,4,GSW,LAC,1579.8,1591.89,1461.37,1449.28,40,24,155,
Western,1,4,5,HOU,POR,1,HOU,POR,1497.38,1514.99,1508.44,1490.83,33,31,156,
Western,1,4,5,HOU,POR,2,HOU,POR,1514.99,1531.1,1490.83,1474.72,36,28,154,
Western,1,4,5,HOU,POR,3,POR,POR,1531.1,1541.65,1474.72,1464.17,35,29,154,
Western,1,4,5,HOU,POR,4,POR,POR,1541.65,1551.38,1464.17,1454.44,39,25,155,
Western,2,1,5,SAS,POR,1,SAS,SAS,1621.17,1631.19,1551.38,1541.36,38,26,153,
Western,2,1,5,SAS,POR,2,SAS,SAS,1631.19,1640.46,1541.36,1532.09,39,25,154,
Western,2,1,5,SAS,POR,3,POR,SAS,1640.46,1652.96,1532.09,1519.58,40,24,153,
Western,2,1,5,SAS,POR,4,POR,SAS,1652.96,1664.43,1519.58,1508.12,41,23,155,
Western,2,3,7,LAC,MEM,1,LAC,MEM,1575.95,1593.77,1591.89,1574.07,33,31,154,
Western,2,3,7,LAC,MEM,2,LAC,MEM,1593.77,1610.07,1574.07,1557.77,35,29,153,
Western,2,3,7,LAC,MEM,3,MEM,MEM,1610.07,1620.78,1557.77,1547.06,35,29,154,
Western,2,3,7,LAC,MEM,4,MEM,MEM,1620.78,1630.65,1547.06,1537.19,39,25,154,
Western,3,1,7,SAS,MEM,1,SAS,MEM,1630.65,1649.2,1664.43,1645.88,32,32,154,
Western,3,1,7,SAS,MEM,2,SAS,MEM,1649.2,1666.2,1645.88,1628.88,34,30,129,
Western,3,1,7,SAS,MEM,3,MEM,MEM,1666.2,1677.51,1628.88,1617.57,33,31,78,
Western,3,1,7,SAS,MEM,4,MEM,MEM,1677.51,1687.92,1617.57,1607.16,38,26,79,
Final,4,7,7,MEM,CHA,1,MEM,MEM,1687.92,1697.84,1615.49,1605.57,38,26,78,
Final,4,7,7,MEM,CHA,2,MEM,MEM,1697.84,1707.02,1605.57,1596.39,39,25,78,
Final,4,7,7,MEM,CHA,3,CHA,MEM,1707.02,1719.43,1596.39,1583.98,40,24,78,
Final,4,7,7,MEM,CHA,4,CHA,MEM,1719.43,1730.81,1583.98,1572.6,43,21,79,
