Conf,R,S1,S2,T1,T2,G,Home,Winner,WOELO,WNELO,LOELO,LNELO,SIMSW,SIMSL,D,
Eastern,1,1,8,IND,ATL,1,IND,IND,1459.74,1469.09,1362.33,1352.98,180860,81284,7256,
Eastern,1,1,8,IND,ATL,2,IND,IND,1469.09,1477.77,1352.98,1344.3,188754,73390,6903,
Eastern,1,1,8,IND,ATL,3,ATL,IND,1477.77,1488.83,1344.3,1333.24,165064,97080,9167,
Eastern,1,1,8,IND,ATL,4,ATL,IND,1488.83,1499.02,1333.24,1323.05,172864,89280,7560,
Eastern,1,2,7,MIA,CHA,1,MIA,MIA,1458.71,1471.93,1457.14,1443.93,146484,115660,8344,
Eastern,1,2,7,MIA,CHA,2,MIA,MIA,1471.93,1484.03,1443.93,1431.83,156980,105164,9116,
Eastern,1,2,7,MIA,CHA,3,CHA,MIA,1484.03,1498.5,1431.83,1417.36,133838,128306,8541,
Eastern,1,2,7,MIA,CHA,4,CHA,MIA,1498.5,1511.74,1417.36,1404.12,144248,117896,8333,
Eastern,1,3,6,TOR,BKN,1,TOR,TOR,1463.32,1475.72,1442.38,1429.99,154359,107785,8414,
Eastern,1,3,6,TOR,BKN,2,TOR,TOR,1475.72,1487.09,1429.99,1418.61,164922,97222,7762,
Eastern,1,3,6,TOR,BKN,3,BKN,TOR,1487.09,1500.86,1418.61,1404.84,141602,120542,8487,
Eastern,1,3,6,TOR,BKN,4,BKN,TOR,1500.86,1513.46,1404.84,1392.24,149375,112769,8275,
Eastern,1,4,5,CHI,WAS,1,CHI,CHI,1484.42,1495.63,1434.72,1423.51,164922,97222,14776,
Eastern,1,4,5,CHI,WAS,2,CHI,CHI,1495.63,1505.95,1423.51,1413.19,172887,89257,7801,
Eastern,1,4,5,CHI,WAS,3,WAS,CHI,1505.95,1518.69,1413.19,1400.45,149375,112769,8827,
Eastern,1,4,5,CHI,WAS,4,WAS,CHI,1518.69,1530.37,1400.45,1388.77,159917,102227,8005,
Eastern,2,1,4,IND,CHI,1,IND,IND,1499.02,1513.64,1530.37,1515.74,136084,126060,22820,
Eastern,2,1,4,IND,CHI,2,IND,IND,1513.64,1527.01,1515.74,1502.37,146484,115660,16523,
Eastern,2,1,4,IND,CHI,3,CHI,CHI,1502.37,1516.71,1527.01,1512.68,138652,123492,16728,
Eastern,2,1,4,IND,CHI,4,CHI,CHI,1516.71,1529.82,1512.68,1499.57,149149,112995,9921,
Eastern,2,1,4,IND,CHI,5,IND,IND,1499.57,1514.15,1529.82,1515.24,136084,126060,8543,
Eastern,2,1,4,IND,CHI,6,CHI,CHI,1515.24,1528.47,1514.15,1500.91,146484,115660,8721,
Eastern,2,1,4,IND,CHI,7,IND,IND,1500.91,1515.38,1528.47,1514.01,136084,126060,12543,
Eastern,2,2,3,MIA,TOR,1,MIA,MIA,1511.74,1525.09,1513.46,1500.11,146484,115660,8424,
Eastern,2,2,3,MIA,TOR,2,MIA,MIA,1525.09,1537.32,1500.11,1487.88,156980,105164,8030,
Eastern,2,2,3,MIA,TOR,3,TOR,MIA,1537.32,1551.91,1487.88,1473.29,133838,128306,8609,
Eastern,2,2,3,MIA,TOR,4,TOR,MIA,1551.91,1565.25,1473.29,1459.95,144248,117896,8317,
Eastern,3,1,2,IND,MIA,1,IND,MIA,1565.25,1579.82,1515.38,1500.8,133838,128306,8546,
Eastern,3,1,2,IND,MIA,2,IND,MIA,1579.82,1593.15,1500.8,1487.48,144248,117896,8303,
Eastern,3,1,2,IND,MIA,3,MIA,MIA,1593.15,1602.2,1487.48,1478.42,183406,78738,7219,
Eastern,3,1,2,IND,MIA,4,MIA,MIA,1602.2,1610.61,1478.42,1470.01,188754,73390,6976,
Western,1,1,8,SAS,DAL,1,SAS,SAS,1581.9,1591.2,1483.07,1473.77,180860,81284,7485,
Western,1,1,8,SAS,DAL,2,SAS,SAS,1591.2,1599.83,1473.77,1465.13,188754,73390,7020,
Western,1,1,8,SAS,DAL,3,DAL,SAS,1599.83,1610.84,1465.13,1454.12,165064,97080,8466,
Western,1,1,8,SAS,DAL,4,DAL,SAS,1610.84,1620.99,1454.12,1443.98,172864,89280,7670,
Western,1,2,7,OKC,MEM,1,OKC,OKC,1531.21,1544.11,1522.26,1509.36,149149,112995,8420,
Western,1,2,7,OKC,MEM,2,OKC,OKC,1544.11,1555.93,1509.36,1497.53,159651,102493,7896,
Western,1,2,7,OKC,MEM,3,MEM,OKC,1555.93,1570.14,1497.53,1483.33,136314,125830,8602,
Western,1,2,7,OKC,MEM,4,MEM,OKC,1570.14,1583.13,1483.33,1470.34,146831,115313,8294,
Western,1,3,6,LAC,GSW,1,LAC,LAC,1545.9,1557.08,1495.26,1484.09,164922,97222,7873,
Western,1,3,6,LAC,GSW,2,LAC,LAC,1557.08,1567.36,1484.09,1473.8,172887,89257,9956,
Western,1,3,6,LAC,GSW,3,GSW,LAC,1567.36,1580.07,1473.8,1461.1,149375,112769,8350,
Western,1,3,6,LAC,GSW,4,GSW,LAC,1580.07,1591.72,1461.1,1449.45,159917,102227,12503,
Western,1,4,5,HOU,POR,1,HOU,HOU,1508.44,1521.25,1497.38,1484.57,151761,110383,8283,
Western,1,4,5,HOU,POR,2,HOU,HOU,1521.25,1532.99,1484.57,1472.83,159651,102493,11316,
Western,1,4,5,HOU,POR,3,POR,HOU,1532.99,1547.12,1472.83,1458.7,136314,125830,10146,
Western,1,4,5,HOU,POR,4,POR,HOU,1547.12,1560.05,1458.7,1445.77,146831,115313,15525,
Western,2,1,4,SAS,HOU,1,SAS,SAS,1620.99,1631.75,1560.05,1549.29,170189,91955,12785,
Western,2,1,4,SAS,HOU,2,SAS,SAS,1631.75,1641.67,1549.29,1539.36,175505,86639,7281,
Western,2,1,4,SAS,HOU,3,HOU,SAS,1641.67,1654.01,1539.36,1527.03,152032,110112,8132,
Western,2,1,4,SAS,HOU,4,HOU,SAS,1654.01,1665.33,1527.03,1515.7,162516,99628,8729,
Western,2,2,3,OKC,LAC,1,OKC,OKC,1583.13,1596.78,1591.72,1578.07,143826,118318,8453,
Western,2,2,3,OKC,LAC,2,OKC,OKC,1596.78,1609.26,1578.07,1565.58,154359,107785,8122,
Western,2,2,3,OKC,LAC,3,LAC,OKC,1609.26,1624.11,1565.58,1550.74,131249,130895,8527,
Western,2,2,3,OKC,LAC,4,LAC,OKC,1624.11,1637.67,1550.74,1537.18,141602,120542,11408,
Western,3,1,2,SAS,OKC,1,SAS,SAS,1665.33,1677.44,1637.67,1625.55,156980,105164,8029,
Western,3,1,2,SAS,OKC,2,SAS,SAS,1677.44,1688.57,1625.55,1614.43,164922,97222,7878,
Western,3,1,2,SAS,OKC,3,OKC,SAS,1688.57,1702.1,1614.43,1600.9,141602,120542,8413,
Western,3,1,2,SAS,OKC,4,OKC,SAS,1702.1,1714.48,1600.9,1588.52,152032,110112,8274,
Final,4,1,2,SAS,MIA,1,SAS,SAS,1714.48,1723.6,1610.61,1601.49,183406,78738,7099,
Final,4,1,2,SAS,MIA,2,SAS,SAS,1723.6,1732.07,1601.49,1593.02,188754,73390,7016,
Final,4,1,2,SAS,MIA,3,MIA,SAS,1732.07,1742.91,1593.02,1582.19,165064,97080,7829,
Final,4,1,2,SAS,MIA,4,MIA,SAS,1742.91,1752.9,1582.19,1572.2,172864,89280,7615,
