Conf,R,S1,S2,T1,T2,G,Home,Winner,WOELO,WNELO,LOELO,LNELO,SIMSW,SIMSL,D,
Eastern,1,1,8,CLE,DET,1,CLE,CLE,1507.19,1521.05,1437.04,1423.17,172568,89576,19368,
Eastern,1,1,8,CLE,DET,2,CLE,CLE,1521.05,1533.51,1423.17,1410.72,180651,81493,10282,
Eastern,1,1,8,CLE,DET,3,DET,CLE,1533.51,1548.83,1410.72,1395.39,159741,102403,2170,
Eastern,1,1,8,CLE,DET,4,DET,CLE,1548.83,1562.52,1395.39,1381.7,170481,91663,2098,
Eastern,1,2,7,TOR,IND,1,TOR,TOR,1530.58,1543.01,1432.31,1419.87,180755,81389,2366,
Eastern,1,2,7,TOR,IND,2,TOR,TOR,1543.01,1554.26,1419.87,1408.63,188557,73587,1909,
Eastern,1,2,7,TOR,IND,3,IND,TOR,1554.26,1568.36,1408.63,1394.53,167934,94210,2128,
Eastern,1,2,7,TOR,IND,4,IND,TOR,1568.36,1581.01,1394.53,1381.87,178008,84136,2003,
Eastern,1,3,6,MIA,CHA,1,MIA,MIA,1466.1,1484.66,1481.04,1462.48,141449,120695,2333,
Eastern,1,3,6,MIA,CHA,2,MIA,MIA,1484.66,1501.12,1462.48,1446.03,154387,107757,2216,
Eastern,1,3,6,MIA,CHA,3,CHA,MIA,1501.12,1520.25,1446.03,1426.89,136220,125924,2336,
Eastern,1,3,6,MIA,CHA,4,CHA,MIA,1520.25,1537.21,1426.89,1409.94,149661,112483,2272,
Eastern,1,4,5,ATL,BOS,1,ATL,ATL,1472.72,1490.35,1471.27,1453.65,146627,115517,2268,
Eastern,1,4,5,ATL,BOS,2,ATL,ATL,1490.35,1506,1453.65,1437.99,159727,102417,2205,
Eastern,1,4,5,ATL,BOS,3,BOS,ATL,1506,1524.39,1437.99,1419.6,141686,120458,2246,
Eastern,1,4,5,ATL,BOS,4,BOS,ATL,1524.39,1540.71,1419.6,1403.29,154527,107617,3478,
Eastern,2,1,4,CLE,ATL,1,CLE,CLE,1562.52,1579,1540.71,1524.23,154495,107649,2223,
Eastern,2,1,4,CLE,ATL,2,CLE,CLE,1579,1593.68,1524.23,1509.55,167376,94768,2612,
Eastern,2,1,4,CLE,ATL,3,ATL,CLE,1593.68,1611.15,1509.55,1492.08,146885,115259,4869,
Eastern,2,1,4,CLE,ATL,4,ATL,CLE,1611.15,1626.68,1492.08,1476.55,159685,102459,2331,
Eastern,2,2,3,TOR,MIA,1,TOR,TOR,1581.01,1596.28,1537.21,1521.94,162443,99701,2164,
Eastern,2,2,3,TOR,MIA,2,TOR,TOR,1596.28,1609.92,1521.94,1508.29,173198,88946,2066,
Eastern,2,2,3,TOR,MIA,3,MIA,TOR,1609.92,1626.41,1508.29,1491.8,151897,110247,2137,
Eastern,2,2,3,TOR,MIA,4,MIA,TOR,1626.41,1641.1,1491.8,1477.12,165349,96795,2139,
Eastern,3,1,2,CLE,TOR,1,CLE,CLE,1626.68,1645.21,1641.1,1622.57,141496,120648,2310,
Eastern,3,1,2,CLE,TOR,2,CLE,CLE,1645.21,1661.64,1622.57,1606.13,154563,107581,2207,
Eastern,3,1,2,CLE,TOR,3,TOR,CLE,1661.64,1680.75,1606.13,1587.03,136270,125874,2269,
Eastern,3,1,2,CLE,TOR,4,TOR,CLE,1680.75,1697.68,1587.03,1570.09,149607,112537,2642,
Western,1,1,8,GSW,HOU,1,GSW,GSW,1668.42,1674.56,1412,1405.85,222697,39447,1536,
Western,1,1,8,GSW,HOU,2,GSW,GSW,1674.56,1680.35,1405.85,1400.07,225337,36807,1666,
Western,1,1,8,GSW,HOU,3,HOU,GSW,1680.35,1688.37,1400.07,1392.05,207389,54755,2265,
Western,1,1,8,GSW,HOU,4,HOU,GSW,1688.37,1695.81,1392.05,1384.6,212592,49552,3763,
Western,1,2,7,SAS,MEM,1,SAS,SAS,1621.91,1627.98,1362.7,1356.64,222645,39499,1603,
Western,1,2,7,SAS,MEM,2,SAS,SAS,1627.98,1633.69,1356.64,1350.93,225403,36741,1622,
Western,1,2,7,SAS,MEM,3,MEM,SAS,1633.69,1641.62,1350.93,1343,209915,52229,2885,
Western,1,2,7,SAS,MEM,4,MEM,SAS,1641.62,1648.98,1343,1335.63,212457,49687,2832,
Western,1,3,6,OKC,DAL,1,OKC,OKC,1513.08,1525.43,1412.93,1400.58,183545,78599,1986,
Western,1,3,6,OKC,DAL,2,OKC,OKC,1525.43,1536.59,1400.58,1389.42,191177,70967,3809,
Western,1,3,6,OKC,DAL,3,DAL,OKC,1536.59,1550.61,1389.42,1375.4,167785,94359,2917,
Western,1,3,6,OKC,DAL,4,DAL,OKC,1550.61,1563.2,1375.4,1362.81,178171,83973,1967,
Western,1,4,5,LAC,POR,1,LAC,LAC,1506.87,1522.36,1467.16,1451.67,162295,99849,4248,
Western,1,4,5,LAC,POR,2,LAC,LAC,1522.36,1536.2,1451.67,1437.84,172661,89483,2031,
Western,1,4,5,LAC,POR,3,POR,LAC,1536.2,1552.87,1437.84,1421.16,152026,110118,2215,
Western,1,4,5,LAC,POR,4,POR,LAC,1552.87,1567.71,1421.16,1406.32,162522,99622,2170,
Western,2,1,4,GSW,LAC,1,GSW,GSW,1695.81,1706.83,1567.71,1556.7,191319,70825,1872,
Western,2,1,4,GSW,LAC,2,GSW,GSW,1706.83,1716.86,1556.7,1546.67,196227,65917,1876,
Western,2,1,4,GSW,LAC,3,LAC,GSW,1716.86,1729.69,1546.67,1533.83,175568,86576,2044,
Western,2,1,4,GSW,LAC,4,LAC,GSW,1729.69,1741.28,1533.83,1522.24,185754,76390,10829,
Western,2,2,3,SAS,OKC,1,SAS,SAS,1648.98,1662.04,1563.2,1550.14,178072,84072,2341,
Western,2,2,3,SAS,OKC,2,SAS,SAS,1662.04,1673.81,1550.14,1538.36,185909,76235,1919,
Western,2,2,3,SAS,OKC,3,OKC,SAS,1673.81,1688.45,1538.36,1523.72,165453,96691,2167,
Western,2,2,3,SAS,OKC,4,OKC,SAS,1688.45,1701.57,1523.72,1510.61,175237,86907,2037,
Western,3,1,2,GSW,SAS,1,GSW,GSW,1741.28,1756.77,1701.57,1686.08,162433,99711,2040,
Western,3,1,2,GSW,SAS,2,GSW,GSW,1756.77,1770.61,1686.08,1672.24,172701,89443,2090,
Western,3,1,2,GSW,SAS,3,SAS,GSW,1770.61,1787.28,1672.24,1655.57,152050,110094,2205,
Western,3,1,2,GSW,SAS,4,SAS,GSW,1787.28,1802.12,1655.57,1640.73,162331,99813,2125,
Final,4,1,1,GSW,CLE,1,GSW,GSW,1802.12,1814.25,1697.68,1685.55,183560,78584,1971,
Final,4,1,1,GSW,CLE,2,GSW,GSW,1814.25,1825.24,1685.55,1674.56,191209,70935,1962,
Final,4,1,1,GSW,CLE,3,CLE,GSW,1825.24,1839.07,1674.56,1660.72,170459,91685,2064,
Final,4,1,1,GSW,CLE,4,CLE,GSW,1839.07,1851.5,1660.72,1648.29,178096,84048,2052,
