Conf,R,S1,S2,T1,T2,G,Home,Winner,WOELO,WNELO,LOELO,LNELO,SIMSW,SIMSL,D,
Eastern,1,1,8,CLE,DET,1,CLE,CLE,1507.19,1520.03,1437.04,1424.2,36,28,883,
Eastern,1,1,8,CLE,DET,2,CLE,CLE,1520.03,1531.62,1424.2,1412.61,34,30,406,
Eastern,1,1,8,CLE,DET,3,DET,CLE,1531.62,1548.25,1412.61,1395.97,42,22,389,
Eastern,1,1,8,CLE,DET,4,DET,CLE,1548.25,1563.06,1395.97,1381.16,42,22,283,
Eastern,1,2,7,TOR,IND,1,TOR,IND,1432.31,1460.84,1530.58,1502.05,32,32,301,
Eastern,1,2,7,TOR,IND,2,TOR,TOR,1502.05,1516.38,1460.84,1446.5,38,26,317,
Eastern,1,2,7,TOR,IND,3,IND,TOR,1516.38,1535.81,1446.5,1427.07,42,22,543,
Eastern,1,2,7,TOR,IND,4,IND,TOR,1535.81,1553.02,1427.07,1409.86,42,22,779,
Eastern,1,2,7,TOR,IND,5,TOR,TOR,1553.02,1562.5,1409.86,1400.38,41,23,1877,
Eastern,1,3,6,MIA,CHA,1,MIA,CHA,1481.04,1503.62,1466.1,1443.52,35,29,288,
Eastern,1,3,6,MIA,CHA,2,MIA,CHA,1503.62,1523.62,1443.52,1423.53,36,28,234,
Eastern,1,3,6,MIA,CHA,3,CHA,CHA,1523.62,1535,1423.53,1412.14,37,27,208,
Eastern,1,3,6,MIA,CHA,4,CHA,CHA,1535,1545.35,1412.14,1401.79,43,21,206,
Eastern,1,4,5,ATL,BOS,1,ATL,BOS,1471.27,1494.78,1472.72,1449.22,34,30,233,
Eastern,1,4,5,ATL,BOS,2,ATL,BOS,1494.78,1515.61,1449.22,1428.39,38,26,294,
Eastern,1,4,5,ATL,BOS,3,BOS,BOS,1515.61,1527.6,1428.39,1416.39,34,30,210,
Eastern,1,4,5,ATL,BOS,4,BOS,BOS,1527.6,1538.48,1416.39,1405.52,40,24,289,
Eastern,2,1,5,CLE,BOS,1,CLE,BOS,1538.48,1563.25,1563.06,1538.29,35,29,252,
Eastern,2,1,5,CLE,BOS,2,CLE,BOS,1563.25,1585.26,1538.29,1516.28,34,30,234,
Eastern,2,1,5,CLE,BOS,3,BOS,BOS,1585.26,1598.16,1516.28,1503.38,34,30,236,
Eastern,2,1,5,CLE,BOS,4,BOS,BOS,1598.16,1609.8,1503.38,1491.74,51,13,201,
Eastern,2,2,6,TOR,CHA,1,TOR,TOR,1562.5,1578.13,1545.35,1529.72,38,26,186,
Eastern,2,2,6,TOR,CHA,2,TOR,TOR,1578.13,1592.09,1529.72,1515.77,39,25,185,
Eastern,2,2,6,TOR,CHA,3,CHA,TOR,1592.09,1611.15,1515.77,1496.71,37,27,200,
Eastern,2,2,6,TOR,CHA,4,CHA,TOR,1611.15,1628.04,1496.71,1479.81,40,24,264,
Eastern,3,2,5,TOR,BOS,1,TOR,TOR,1628.04,1643.61,1609.8,1594.23,44,20,9277,
Eastern,3,2,5,TOR,BOS,2,TOR,TOR,1643.61,1657.51,1594.23,1580.32,46,18,190,
Eastern,3,2,5,TOR,BOS,3,BOS,TOR,1657.51,1676.53,1580.32,1561.31,38,26,205,
Eastern,3,2,5,TOR,BOS,4,BOS,TOR,1676.53,1693.37,1561.31,1544.46,45,19,263,
Western,1,1,8,GSW,HOU,1,GSW,GSW,1668.42,1673.99,1412,1406.43,60,4,455,
Western,1,1,8,GSW,HOU,2,GSW,GSW,1673.99,1679.26,1406.43,1401.16,59,5,291,
Western,1,1,8,GSW,HOU,3,HOU,GSW,1679.26,1688.13,1401.16,1392.29,54,10,357,
Western,1,1,8,GSW,HOU,4,HOU,GSW,1688.13,1696.31,1392.29,1384.1,55,9,318,
Western,1,2,7,SAS,MEM,1,SAS,SAS,1621.91,1627.41,1362.7,1357.21,62,2,911,
Western,1,2,7,SAS,MEM,2,SAS,SAS,1627.41,1632.61,1357.21,1352.01,62,2,2160,
Western,1,2,7,SAS,MEM,3,MEM,SAS,1632.61,1641.38,1352.01,1343.24,52,12,227,
Western,1,2,7,SAS,MEM,4,MEM,SAS,1641.38,1649.48,1343.24,1335.14,52,12,222,
Western,1,3,6,OKC,DAL,1,OKC,OKC,1513.08,1524.47,1412.93,1401.54,35,29,277,
Western,1,3,6,OKC,DAL,2,OKC,OKC,1524.47,1534.81,1401.54,1391.2,45,19,212,
Western,1,3,6,OKC,DAL,3,DAL,OKC,1534.81,1550.09,1391.2,1375.92,41,23,213,
Western,1,3,6,OKC,DAL,4,DAL,OKC,1550.09,1563.74,1375.92,1362.27,44,20,295,
Western,1,4,5,LAC,POR,1,LAC,LAC,1506.87,1521.29,1467.16,1452.75,36,28,223,
Western,1,4,5,LAC,POR,2,LAC,LAC,1521.29,1534.21,1452.75,1439.83,37,27,172,
Western,1,4,5,LAC,POR,3,POR,LAC,1534.21,1552.24,1439.83,1421.8,40,24,244,
Western,1,4,5,LAC,POR,4,POR,LAC,1552.24,1568.24,1421.8,1405.8,37,27,241,
Western,2,1,4,GSW,LAC,1,GSW,GSW,1696.31,1706.43,1568.24,1558.12,55,9,242,
Western,2,1,4,GSW,LAC,2,GSW,GSW,1706.43,1715.7,1558.12,1548.85,55,9,175,
Western,2,1,4,GSW,LAC,3,LAC,GSW,1715.7,1729.73,1548.85,1534.81,41,23,260,
Western,2,1,4,GSW,LAC,4,LAC,GSW,1729.73,1742.33,1534.81,1522.21,44,20,257,
Western,2,2,3,SAS,OKC,1,SAS,SAS,1649.48,1661.55,1563.74,1551.67,45,19,286,
Western,2,2,3,SAS,OKC,2,SAS,SAS,1661.55,1672.48,1551.67,1540.74,39,25,273,
Western,2,2,3,SAS,OKC,3,OKC,SAS,1672.48,1688.41,1540.74,1524.81,39,25,205,
Western,2,2,3,SAS,OKC,4,OKC,SAS,1688.41,1702.62,1524.81,1510.61,45,19,215,
Western,3,1,2,GSW,SAS,1,GSW,GSW,1742.33,1756.75,1702.62,1688.2,38,26,180,
Western,3,1,2,GSW,SAS,2,GSW,GSW,1756.75,1769.67,1688.2,1675.28,37,27,264,
Western,3,1,2,GSW,SAS,3,SAS,GSW,1769.67,1787.69,1675.28,1657.26,42,22,185,
Western,3,1,2,GSW,SAS,4,SAS,GSW,1787.69,1803.69,1657.26,1641.26,40,24,210,
Final,4,1,2,GSW,TOR,1,GSW,GSW,1803.69,1814.61,1693.37,1682.46,35,29,198,
Final,4,1,2,GSW,TOR,2,GSW,GSW,1814.61,1824.55,1682.46,1672.52,34,30,179,
Final,4,1,2,GSW,TOR,3,TOR,GSW,1824.55,1839.37,1672.52,1657.69,42,22,197,
Final,4,1,2,GSW,TOR,4,TOR,GSW,1839.37,1852.64,1657.69,1644.43,43,21,176,
