Conf,R,S1,S2,T1,T2,G,Home,Winner,WOELO,WNELO,LOELO,LNELO,SIMSW,SIMSL,D,
Eastern,1,1,8,MIA,MIL,1,MIA,MIA,1632.21,1637.08,1338.86,1333.99,28946,3822,13773,
Eastern,1,1,8,MIA,MIL,2,MIA,MIA,1637.08,1641.71,1333.99,1329.35,29273,3495,450,
Eastern,1,1,8,MIA,MIL,3,MIL,MIA,1641.71,1648.94,1329.35,1322.12,26638,6130,384,
Eastern,1,1,8,MIA,MIL,4,MIL,MIA,1648.94,1655.7,1322.12,1315.36,27219,5549,273,
Eastern,1,2,7,NYK,BOS,1,NYK,NYK,1515.29,1525.68,1383.27,1372.88,24562,8206,358,
Eastern,1,2,7,NYK,BOS,2,NYK,NYK,1525.68,1535.17,1372.88,1363.39,25198,7570,396,
Eastern,1,2,7,NYK,BOS,3,BOS,NYK,1535.17,1548.43,1363.39,1350.13,21696,11072,453,
Eastern,1,2,7,NYK,BOS,4,BOS,NYK,1548.43,1560.38,1350.13,1338.18,23022,9746,292,
Eastern,1,3,6,IND,ATL,1,IND,IND,1453.72,1467.53,1392.69,1378.88,21504,11264,932,
Eastern,1,3,6,IND,ATL,2,IND,IND,1467.53,1479.95,1378.88,1366.46,22474,10294,3623,
Eastern,1,3,6,IND,ATL,3,ATL,IND,1479.95,1496.34,1366.46,1350.07,19299,13469,486,
Eastern,1,3,6,IND,ATL,4,ATL,IND,1496.34,1510.93,1350.07,1335.48,20690,12078,377,
Eastern,1,4,5,BKN,CHI,1,BKN,BKN,1468.95,1483.52,1422.15,1407.58,20903,11865,407,
Eastern,1,4,5,BKN,CHI,2,BKN,BKN,1483.52,1496.57,1407.58,1394.53,22114,10654,401,
Eastern,1,4,5,BKN,CHI,3,CHI,BKN,1496.57,1513.6,1394.53,1377.5,18603,14165,435,
Eastern,1,4,5,BKN,CHI,4,CHI,BKN,1513.6,1528.74,1377.5,1362.36,20277,12491,438,
Eastern,2,1,4,MIA,BKN,1,MIA,MIA,1655.7,1666.31,1528.74,1518.13,24223,8545,381,
Eastern,2,1,4,MIA,BKN,2,MIA,MIA,1666.31,1676,1518.13,1508.44,24889,7879,366,
Eastern,2,1,4,MIA,BKN,3,BKN,MIA,1676,1689.48,1508.44,1494.96,21704,11064,441,
Eastern,2,1,4,MIA,BKN,4,BKN,MIA,1689.48,1701.61,1494.96,1482.83,22724,10044,402,
Eastern,2,2,3,NYK,IND,1,NYK,NYK,1560.38,1574.81,1510.93,1496.51,20910,11858,407,
Eastern,2,2,3,NYK,IND,2,NYK,NYK,1574.81,1587.74,1496.51,1483.57,22202,10566,405,
Eastern,2,2,3,NYK,IND,3,IND,NYK,1587.74,1604.65,1483.57,1466.67,18687,14081,405,
Eastern,2,2,3,NYK,IND,4,IND,NYK,1604.65,1619.69,1466.67,1451.63,20422,12346,389,
Eastern,3,1,2,MIA,NYK,1,MIA,MIA,1701.61,1714.36,1619.69,1606.94,22537,10231,398,
Eastern,3,1,2,MIA,NYK,2,MIA,MIA,1714.36,1725.87,1606.94,1595.43,23484,9284,453,
Eastern,3,1,2,MIA,NYK,3,NYK,MIA,1725.87,1741.32,1595.43,1579.98,19953,12815,483,
Eastern,3,1,2,MIA,NYK,4,NYK,MIA,1741.32,1755.12,1579.98,1566.17,21347,11421,655,
Western,1,1,8,OKC,HOU,1,OKC,OKC,1554.3,1565.23,1434.35,1423.42,23809,8959,407,
Western,1,1,8,OKC,HOU,2,OKC,OKC,1565.23,1575.19,1423.42,1413.46,24910,7858,445,
Western,1,1,8,OKC,HOU,3,HOU,OKC,1575.19,1588.97,1413.46,1399.68,21391,11377,415,
Western,1,1,8,OKC,HOU,4,HOU,OKC,1588.97,1601.35,1399.68,1387.29,22748,10020,403,
Western,1,2,7,SAS,LAL,1,SAS,SAS,1500.61,1516.72,1482.22,1466.1,19429,13339,422,
Western,1,2,7,SAS,LAL,2,SAS,SAS,1516.72,1531.09,1466.1,1451.74,21170,11598,426,
Western,1,2,7,SAS,LAL,3,LAL,SAS,1531.09,1549.4,1451.74,1433.43,17707,15061,3417,
Western,1,2,7,SAS,LAL,4,LAL,SAS,1549.4,1565.65,1433.43,1417.18,19372,13396,396,
Western,1,3,6,DEN,GSW,1,DEN,DEN,1580.09,1590.07,1438.76,1428.78,24910,7858,438,
Western,1,3,6,DEN,GSW,2,DEN,DEN,1590.07,1599.22,1428.78,1419.64,25556,7212,385,
Western,1,3,6,DEN,GSW,3,GSW,DEN,1599.22,1612.08,1419.64,1406.77,22089,10679,400,
Western,1,3,6,DEN,GSW,4,GSW,DEN,1612.08,1623.7,1406.77,1395.16,23015,9753,402,
Western,1,4,5,LAC,MEM,1,LAC,LAC,1516.08,1534.21,1533.6,1515.46,17818,14950,430,
Western,1,4,5,LAC,MEM,2,LAC,LAC,1534.21,1550.31,1515.46,1499.37,19433,13335,405,
Western,1,4,5,LAC,MEM,3,MEM,LAC,1550.31,1570.25,1499.37,1479.42,16430,16338,463,
Western,1,4,5,LAC,MEM,4,MEM,LAC,1570.25,1587.91,1479.42,1461.76,17940,14828,397,
Western,2,1,4,OKC,LAC,1,OKC,OKC,1601.35,1617.74,1587.91,1571.52,19568,13200,485,
Western,2,1,4,OKC,LAC,2,OKC,OKC,1617.74,1632.34,1571.52,1556.93,20878,11890,428,
Western,2,1,4,OKC,LAC,3,LAC,OKC,1632.34,1650.88,1556.93,1538.39,17457,15311,440,
Western,2,1,4,OKC,LAC,4,LAC,OKC,1650.88,1667.32,1538.39,1521.95,19084,13684,425,
Western,2,2,3,SAS,DEN,1,SAS,DEN,1623.7,1643.23,1565.65,1546.11,16855,15913,403,
Western,2,2,3,SAS,DEN,2,SAS,DEN,1643.23,1660.54,1546.11,1528.81,18299,14469,403,
Western,2,2,3,SAS,DEN,3,DEN,DEN,1660.54,1670.94,1528.81,1518.41,24559,8209,387,
Western,2,2,3,SAS,DEN,4,DEN,DEN,1670.94,1680.44,1518.41,1508.9,25279,7489,410,
Western,3,1,3,OKC,DEN,1,OKC,OKC,1667.32,1685.21,1680.44,1662.55,18183,14585,466,
Western,3,1,3,OKC,DEN,2,OKC,OKC,1685.21,1701.08,1662.55,1646.68,19879,12889,492,
Western,3,1,3,OKC,DEN,3,DEN,DEN,1646.68,1666.93,1701.08,1680.83,16407,16361,409,
Western,3,1,3,OKC,DEN,4,DEN,DEN,1666.93,1684.86,1680.83,1662.9,18239,14529,409,
Western,3,1,3,OKC,DEN,5,OKC,OKC,1662.9,1681.29,1684.86,1666.47,17827,14941,410,
Western,3,1,3,OKC,DEN,6,DEN,DEN,1666.47,1684.45,1681.29,1663.31,18276,14492,416,
Western,3,1,3,OKC,DEN,7,OKC,OKC,1663.31,1681.65,1684.45,1666.11,17868,14900,436,
Final,4,1,1,MIA,OKC,1,MIA,MIA,1755.12,1768.3,1681.65,1668.47,22151,10617,397,
Final,4,1,1,MIA,OKC,2,MIA,MIA,1768.3,1780.17,1668.47,1656.6,23228,9540,462,
Final,4,1,1,MIA,OKC,3,OKC,MIA,1780.17,1796,1656.6,1640.77,19562,13206,384,
Final,4,1,1,MIA,OKC,4,OKC,MIA,1796,1810.12,1640.77,1626.65,20648,12120,418,
