Conf,R,S1,S2,T1,T2,G,Home,Winner,WOELO,WNELO,LOELO,LNELO,SIMSW,SIMSL,D,
Eastern,1,1,8,MIA,MIL,1,MIA,MIA,1632.21,1635.86,1338.86,1335.2,446,66,1027,
Eastern,1,1,8,MIA,MIL,2,MIA,MIA,1635.86,1639.38,1335.2,1331.69,453,59,54,
Eastern,1,1,8,MIA,MIL,3,MIL,MIA,1639.38,1644.92,1331.69,1326.14,432,80,45,
Eastern,1,1,8,MIA,MIL,4,MIL,MIA,1644.92,1650.19,1326.14,1320.87,437,75,48,
Eastern,1,2,7,NYK,BOS,1,NYK,NYK,1515.29,1523.08,1383.27,1375.48,359,153,51,
Eastern,1,2,7,NYK,BOS,2,NYK,NYK,1523.08,1530.37,1375.48,1368.2,367,145,50,
Eastern,1,2,7,NYK,BOS,3,BOS,NYK,1530.37,1540.68,1368.2,1357.88,358,154,48,
Eastern,1,2,7,NYK,BOS,4,BOS,NYK,1540.68,1550.21,1357.88,1348.35,370,142,49,
Eastern,1,3,6,IND,ATL,1,IND,IND,1453.72,1464.08,1392.69,1382.33,306,206,51,
Eastern,1,3,6,IND,ATL,2,IND,IND,1464.08,1473.65,1382.33,1372.76,318,194,50,
Eastern,1,3,6,IND,ATL,3,ATL,IND,1473.65,1486.47,1372.76,1359.94,324,188,49,
Eastern,1,3,6,IND,ATL,4,ATL,IND,1486.47,1498.22,1359.94,1348.19,339,173,50,
Eastern,1,4,5,BKN,CHI,1,BKN,BKN,1468.95,1479.87,1422.15,1411.22,293,219,52,
Eastern,1,4,5,BKN,CHI,2,BKN,BKN,1479.87,1489.94,1411.22,1401.16,310,202,50,
Eastern,1,4,5,BKN,CHI,3,CHI,BKN,1489.94,1503.27,1401.16,1387.82,314,198,50,
Eastern,1,4,5,BKN,CHI,4,CHI,BKN,1503.27,1515.48,1387.82,1375.62,338,174,50,
Eastern,2,1,4,MIA,BKN,1,MIA,MIA,1650.19,1657.89,1515.48,1507.78,359,153,49,
Eastern,2,1,4,MIA,BKN,2,MIA,MIA,1657.89,1665.09,1507.78,1500.58,367,145,48,
Eastern,2,1,4,MIA,BKN,3,BKN,MIA,1665.09,1675.32,1500.58,1490.35,358,154,49,
Eastern,2,1,4,MIA,BKN,4,BKN,MIA,1675.32,1684.77,1490.35,1480.9,370,142,50,
Eastern,2,2,3,NYK,IND,1,NYK,NYK,1550.21,1560.93,1498.22,1487.5,302,210,50,
Eastern,2,2,3,NYK,IND,2,NYK,NYK,1560.93,1570.82,1487.5,1477.61,312,200,50,
Eastern,2,2,3,NYK,IND,3,IND,NYK,1570.82,1583.96,1477.61,1464.47,319,193,49,
Eastern,2,2,3,NYK,IND,4,IND,NYK,1583.96,1596,1464.47,1452.43,338,174,50,
Eastern,3,1,2,MIA,NYK,1,MIA,MIA,1684.77,1694.08,1596,1586.69,318,194,50,
Eastern,3,1,2,MIA,NYK,2,MIA,MIA,1694.08,1702.71,1586.69,1578.06,341,171,49,
Eastern,3,1,2,MIA,NYK,3,NYK,MIA,1702.71,1714.54,1578.06,1566.23,339,173,49,
Eastern,3,1,2,MIA,NYK,4,NYK,MIA,1714.54,1725.4,1566.23,1555.37,355,157,48,
Western,1,1,8,OKC,HOU,1,OKC,OKC,1554.3,1562.5,1434.35,1426.15,351,161,53,
Western,1,1,8,OKC,HOU,2,OKC,OKC,1562.5,1570.14,1426.15,1418.5,359,153,51,
Western,1,1,8,OKC,HOU,3,HOU,OKC,1570.14,1580.88,1418.5,1407.77,358,154,48,
Western,1,1,8,OKC,HOU,4,HOU,OKC,1580.88,1590.77,1407.77,1397.88,369,143,48,
Western,1,2,7,SAS,LAL,1,SAS,SAS,1500.61,1512.69,1482.22,1470.13,275,237,54,
Western,1,2,7,SAS,LAL,2,SAS,SAS,1512.69,1523.79,1470.13,1459.04,293,219,51,
Western,1,2,7,SAS,LAL,3,LAL,SAS,1523.79,1538.15,1459.04,1444.67,302,210,50,
Western,1,2,7,SAS,LAL,4,LAL,SAS,1538.15,1551.29,1444.67,1431.54,319,193,52,
Western,1,3,6,DEN,GSW,1,DEN,DEN,1580.09,1587.58,1438.76,1431.28,367,145,50,
Western,1,3,6,DEN,GSW,2,DEN,DEN,1587.58,1594.59,1431.28,1424.27,376,136,49,
Western,1,3,6,DEN,GSW,3,GSW,DEN,1594.59,1604.59,1424.27,1414.27,362,150,48,
Western,1,3,6,DEN,GSW,4,GSW,DEN,1604.59,1613.84,1414.27,1405.01,377,135,47,
Western,1,4,5,LAC,MEM,1,LAC,MEM,1533.6,1550,1516.08,1499.68,263,249,53,
Western,1,4,5,LAC,MEM,2,LAC,MEM,1550,1564.98,1499.68,1484.69,293,219,51,
Western,1,4,5,LAC,MEM,3,MEM,MEM,1564.98,1574.61,1484.69,1475.07,312,200,50,
Western,1,4,5,LAC,MEM,4,MEM,MEM,1574.61,1583.52,1475.07,1466.15,334,178,51,
Western,2,1,5,OKC,MEM,1,OKC,OKC,1590.77,1603.32,1583.52,1570.97,268,244,51,
Western,2,1,5,OKC,MEM,2,OKC,OKC,1603.32,1614.83,1570.97,1559.46,281,231,50,
Western,2,1,5,OKC,MEM,3,MEM,OKC,1614.83,1629.6,1559.46,1544.69,293,219,50,
Western,2,1,5,OKC,MEM,4,MEM,OKC,1629.6,1643.1,1544.69,1531.2,314,198,51,
Western,2,2,3,SAS,DEN,1,SAS,DEN,1613.84,1628.3,1551.29,1536.83,298,214,51,
Western,2,2,3,SAS,DEN,2,SAS,DEN,1628.3,1641.52,1536.83,1523.61,314,198,50,
Western,2,2,3,SAS,DEN,3,DEN,DEN,1641.52,1649.79,1523.61,1515.34,351,161,50,
Western,2,2,3,SAS,DEN,4,DEN,DEN,1649.79,1657.5,1515.34,1507.63,359,153,51,
Western,3,1,3,OKC,DEN,1,OKC,OKC,1643.1,1656.57,1657.5,1644.03,258,254,50,
Western,3,1,3,OKC,DEN,2,OKC,OKC,1656.57,1668.9,1644.03,1631.7,268,244,51,
Western,3,1,3,OKC,DEN,3,DEN,OKC,1668.9,1684.45,1631.7,1616.15,280,232,50,
Western,3,1,3,OKC,DEN,4,DEN,OKC,1684.45,1698.66,1616.15,1601.94,302,210,50,
Final,4,1,1,MIA,OKC,1,MIA,MIA,1725.4,1737.14,1698.66,1686.92,277,235,51,
Final,4,1,1,MIA,OKC,2,MIA,MIA,1737.14,1747.93,1686.92,1676.13,302,210,51,
Final,4,1,1,MIA,OKC,3,OKC,MIA,1747.93,1761.99,1676.13,1662.07,305,207,50,
Final,4,1,1,MIA,OKC,4,OKC,MIA,1761.99,1774.85,1662.07,1649.21,324,188,52,
