Conf,R,S1,S2,T1,T2,G,Home,Winner,WOELO,WNELO,LOELO,LNELO,SIMSW,SIMSL,D,
Eastern,1,1,8,MIA,MIL,1,MIA,MIA,1632.21,1637.33,1338.86,1333.74,230787,31357,10621,
Eastern,1,1,8,MIA,MIL,2,MIA,MIA,1637.33,1642.19,1333.74,1328.87,230763,31381,1904,
Eastern,1,1,8,MIA,MIL,3,MIL,MIA,1642.19,1649.06,1328.87,1322,214720,47424,4335,
Eastern,1,1,8,MIA,MIL,4,MIL,MIA,1649.06,1655.49,1322,1315.57,217136,45008,1505,
Eastern,1,2,7,NYK,BOS,1,NYK,NYK,1515.29,1526.13,1383.27,1372.44,191345,70799,1713,
Eastern,1,2,7,NYK,BOS,2,NYK,NYK,1526.13,1536,1372.44,1362.56,199312,62832,1656,
Eastern,1,2,7,NYK,BOS,3,BOS,NYK,1536,1548.68,1362.56,1349.88,178094,84050,1920,
Eastern,1,2,7,NYK,BOS,4,BOS,NYK,1548.68,1560.13,1349.88,1338.44,185679,76465,1755,
Eastern,1,3,6,IND,ATL,1,IND,IND,1453.72,1468.06,1392.69,1378.35,170366,91778,1972,
Eastern,1,3,6,IND,ATL,2,IND,IND,1468.06,1480.92,1378.35,1365.49,178156,83988,1785,
Eastern,1,3,6,IND,ATL,3,ATL,IND,1480.92,1496.65,1365.49,1349.76,157456,104688,2114,
Eastern,1,3,6,IND,ATL,4,ATL,IND,1496.65,1510.68,1349.76,1335.73,167477,94667,1985,
Eastern,1,4,5,BKN,CHI,1,BKN,BKN,1468.95,1484.05,1422.15,1407.05,165168,96976,2016,
Eastern,1,4,5,BKN,CHI,2,BKN,BKN,1484.05,1497.56,1407.05,1393.54,175796,86348,1918,
Eastern,1,4,5,BKN,CHI,3,CHI,BKN,1497.56,1513.92,1393.54,1377.18,154666,107478,2075,
Eastern,1,4,5,BKN,CHI,4,CHI,BKN,1513.92,1528.49,1377.18,1362.61,165129,97015,2027,
Eastern,2,1,4,MIA,BKN,1,MIA,MIA,1655.49,1666.55,1528.49,1517.42,191368,70776,1806,
Eastern,2,1,4,MIA,BKN,2,MIA,MIA,1666.55,1676.63,1517.42,1507.35,196573,65571,1765,
Eastern,2,1,4,MIA,BKN,3,BKN,MIA,1676.63,1689.51,1507.35,1494.47,175428,86716,1805,
Eastern,2,1,4,MIA,BKN,4,BKN,MIA,1689.51,1701.14,1494.47,1482.84,183203,78941,2068,
Eastern,2,2,3,NYK,IND,1,NYK,NYK,1560.13,1575.09,1510.68,1495.72,165367,96777,1982,
Eastern,2,2,3,NYK,IND,2,NYK,NYK,1575.09,1588.47,1495.72,1482.33,175717,86427,1944,
Eastern,2,2,3,NYK,IND,3,IND,NYK,1588.47,1604.71,1482.33,1466.09,154651,107493,2023,
Eastern,2,2,3,NYK,IND,4,IND,NYK,1604.71,1619.18,1466.09,1451.62,165107,97037,2009,
Eastern,3,1,2,MIA,NYK,1,MIA,MIA,1701.14,1714.39,1619.18,1605.93,175577,86567,1798,
Eastern,3,1,2,MIA,NYK,2,MIA,MIA,1714.39,1726.33,1605.93,1593.99,186147,75997,1849,
Eastern,3,1,2,MIA,NYK,3,NYK,MIA,1726.33,1741.14,1593.99,1579.18,162421,99723,2044,
Eastern,3,1,2,MIA,NYK,4,NYK,MIA,1741.14,1754.39,1579.18,1565.93,172806,89338,1860,
Western,1,1,8,OKC,HOU,1,OKC,OKC,1554.3,1565.69,1434.35,1422.96,188605,73539,2171,
Western,1,1,8,OKC,HOU,2,OKC,OKC,1565.69,1576.05,1422.96,1412.6,196495,65649,2032,
Western,1,1,8,OKC,HOU,3,HOU,OKC,1576.05,1589.22,1412.6,1399.42,175428,86716,2281,
Western,1,1,8,OKC,HOU,4,HOU,OKC,1589.22,1601.1,1399.42,1387.55,183157,78987,1846,
Western,1,2,7,SAS,LAL,1,SAS,SAS,1500.61,1517.28,1482.22,1465.55,154808,107336,2072,
Western,1,2,7,SAS,LAL,2,SAS,SAS,1517.28,1532.12,1465.55,1450.71,165257,96887,2034,
Western,1,2,7,SAS,LAL,3,LAL,SAS,1532.12,1549.75,1450.71,1433.08,144355,117789,2074,
Western,1,2,7,SAS,LAL,4,LAL,SAS,1549.75,1565.4,1433.08,1417.42,157306,104838,2116,
Western,1,3,6,DEN,GSW,1,DEN,DEN,1580.09,1590.51,1438.76,1428.35,194031,68113,1833,
Western,1,3,6,DEN,GSW,2,DEN,DEN,1590.51,1600.03,1428.35,1418.83,201892,60252,1701,
Western,1,3,6,DEN,GSW,3,GSW,DEN,1600.03,1612.32,1418.83,1406.54,180498,81646,1933,
Western,1,3,6,DEN,GSW,4,GSW,DEN,1612.32,1623.44,1406.54,1395.42,188264,73880,1745,
Western,1,4,5,LAC,MEM,1,LAC,LAC,1516.08,1534.78,1533.6,1514.89,141487,120657,2112,
Western,1,4,5,LAC,MEM,2,LAC,LAC,1534.78,1551.37,1514.89,1498.31,154740,107404,2062,
Western,1,4,5,LAC,MEM,3,MEM,LAC,1551.37,1570.62,1498.31,1479.06,133700,128444,2240,
Western,1,4,5,LAC,MEM,4,MEM,LAC,1570.62,1587.67,1479.06,1462,149261,112883,2045,
Western,2,1,4,OKC,LAC,1,OKC,OKC,1601.1,1618.05,1587.67,1570.72,152255,109889,2136,
Western,2,1,4,OKC,LAC,2,OKC,OKC,1618.05,1633.12,1570.72,1555.65,165166,96978,1950,
Western,2,1,4,OKC,LAC,3,LAC,OKC,1633.12,1650.97,1555.65,1537.8,144112,118032,2191,
Western,2,1,4,OKC,LAC,4,LAC,OKC,1650.97,1666.82,1537.8,1521.95,157224,104920,2014,
Western,2,2,3,SAS,DEN,1,SAS,DEN,1623.44,1642.4,1565.4,1546.44,136373,125771,2245,
Western,2,2,3,SAS,DEN,2,SAS,DEN,1642.4,1659.21,1546.44,1529.63,149335,112809,2018,
Western,2,2,3,SAS,DEN,3,DEN,DEN,1659.21,1670.16,1529.63,1518.69,191227,70917,1806,
Western,2,2,3,SAS,DEN,4,DEN,DEN,1670.16,1680.13,1518.69,1508.71,199130,63014,1729,
Western,3,1,3,OKC,DEN,1,OKC,OKC,1666.82,1685.29,1680.13,1661.66,141491,120653,6264,
Western,3,1,3,OKC,DEN,2,OKC,OKC,1685.29,1701.67,1661.66,1645.29,157209,104935,2194,
Western,3,1,3,OKC,DEN,3,DEN,OKC,1701.67,1720.73,1645.29,1626.23,136333,125811,2327,
Western,3,1,3,OKC,DEN,4,DEN,OKC,1720.73,1737.61,1626.23,1609.34,149305,112839,2364,
Final,4,1,1,MIA,OKC,1,MIA,MIA,1754.39,1771.15,1737.61,1720.85,154695,107449,2077,
Final,4,1,1,MIA,OKC,2,MIA,MIA,1771.15,1786.07,1720.85,1705.94,165149,96995,1935,
Final,4,1,1,MIA,OKC,3,OKC,MIA,1786.07,1803.77,1705.94,1688.24,143951,118193,2185,
Final,4,1,1,MIA,OKC,4,OKC,MIA,1803.77,1819.49,1688.24,1672.52,157225,104919,2004,
