Conf,R,S1,S2,T1,T2,G,Home,Winner,WOELO,WNELO,LOELO,LNELO,SIMSW,SIMSL,D,
Eastern,1,1,8,MIL,DET,1,MIL,MIL,1539.62,1547.21,1401.61,1394.02,375,137,284,
Eastern,1,1,8,MIL,DET,2,MIL,MIL,1547.21,1554.32,1394.02,1386.91,385,127,163,
Eastern,1,1,8,MIL,DET,3,DET,MIL,1554.32,1564.43,1386.91,1376.8,342,170,163,
Eastern,1,1,8,MIL,DET,4,DET,MIL,1564.43,1573.78,1376.8,1367.45,350,162,164,
Eastern,1,2,7,TOR,ORL,1,TOR,TOR,1518.32,1528.52,1453.1,1442.9,324,188,166,
Eastern,1,2,7,TOR,ORL,2,TOR,TOR,1528.52,1537.95,1442.9,1433.48,337,175,162,
Eastern,1,2,7,TOR,ORL,3,ORL,TOR,1537.95,1550.62,1433.48,1420.81,303,209,162,
Eastern,1,2,7,TOR,ORL,4,ORL,TOR,1550.62,1562.23,1420.81,1409.2,322,190,161,
Eastern,1,3,6,PHI,BKN,1,PHI,PHI,1464.94,1476.4,1431.46,1419.99,302,210,160,
Eastern,1,3,6,PHI,BKN,2,PHI,PHI,1476.4,1486.94,1419.99,1409.45,318,194,160,
Eastern,1,3,6,PHI,BKN,3,BKN,PHI,1486.94,1500.76,1409.45,1395.63,285,227,159,
Eastern,1,3,6,PHI,BKN,4,BKN,PHI,1500.76,1513.4,1395.63,1382.99,303,209,1753,
Eastern,1,4,5,BOS,IND,1,BOS,BOS,1462.37,1473.52,1421.1,1409.95,307,205,160,
Eastern,1,4,5,BOS,IND,2,BOS,BOS,1473.52,1483.78,1409.95,1399.69,324,188,159,
Eastern,1,4,5,BOS,IND,3,IND,BOS,1483.78,1497.31,1399.69,1386.15,287,225,158,
Eastern,1,4,5,BOS,IND,4,IND,BOS,1497.31,1509.7,1386.15,1373.77,309,203,158,
Eastern,2,1,4,MIL,BOS,1,MIL,MIL,1573.78,1584.03,1509.7,1499.46,324,188,159,
Eastern,2,1,4,MIL,BOS,2,MIL,MIL,1584.03,1593.49,1499.46,1489.99,337,175,162,
Eastern,2,1,4,MIL,BOS,3,BOS,MIL,1593.49,1606.2,1489.99,1477.28,303,209,162,
Eastern,2,1,4,MIL,BOS,4,BOS,MIL,1606.2,1617.85,1477.28,1465.63,322,190,164,
Eastern,2,2,3,TOR,PHI,1,TOR,TOR,1562.23,1573.07,1513.4,1502.56,316,196,158,
Eastern,2,2,3,TOR,PHI,2,TOR,TOR,1573.07,1583.07,1502.56,1492.56,326,186,206,
Eastern,2,2,3,TOR,PHI,3,PHI,TOR,1583.07,1596.33,1492.56,1479.3,291,221,108,
Eastern,2,2,3,TOR,PHI,4,PHI,TOR,1596.33,1608.47,1479.3,1467.16,317,195,164,
Eastern,3,1,2,MIL,TOR,1,MIL,MIL,1617.85,1630.31,1608.47,1596.01,286,226,158,
Eastern,3,1,2,MIL,TOR,2,MIL,MIL,1630.31,1641.74,1596.01,1584.58,302,210,159,
Eastern,3,1,2,MIL,TOR,3,TOR,MIL,1641.74,1656.43,1584.58,1569.89,277,235,158,
Eastern,3,1,2,MIL,TOR,4,TOR,MIL,1656.43,1669.86,1569.89,1556.46,291,221,157,
Western,1,1,8,GSW,LAC,1,GSW,GSW,1530.88,1541.01,1463.92,1453.78,326,186,163,
Western,1,1,8,GSW,LAC,2,GSW,GSW,1541.01,1550.38,1453.78,1444.42,337,175,162,
Western,1,1,8,GSW,LAC,3,LAC,GSW,1550.38,1562.98,1444.42,1431.81,303,209,161,
Western,1,1,8,GSW,LAC,4,LAC,GSW,1562.98,1574.54,1431.81,1420.26,322,190,209,
Western,1,2,7,DEN,SAS,1,DEN,DEN,1498.56,1510.4,1474.15,1462.32,297,215,161,
Western,1,2,7,DEN,SAS,2,DEN,DEN,1510.4,1521.27,1462.32,1451.44,316,196,159,
Western,1,2,7,DEN,SAS,3,SAS,DEN,1521.27,1535.42,1451.44,1437.3,282,230,160,
Western,1,2,7,DEN,SAS,4,SAS,DEN,1535.42,1548.35,1437.3,1424.36,296,216,161,
Western,1,3,6,POR,OKC,1,POR,POR,1529.56,1539.88,1467.18,1456.87,324,188,98,
Western,1,3,6,POR,OKC,2,POR,POR,1539.88,1549.4,1456.87,1447.35,337,175,162,
Western,1,3,6,POR,OKC,3,OKC,POR,1549.4,1562.17,1447.35,1434.58,303,209,176,
Western,1,3,6,POR,OKC,4,OKC,POR,1562.17,1573.87,1434.58,1422.87,319,193,163,
Western,1,4,5,HOU,UTA,1,HOU,HOU,1537.47,1548.56,1494.68,1483.59,316,196,161,
Western,1,4,5,HOU,UTA,2,HOU,HOU,1548.56,1558.77,1483.59,1473.38,324,188,161,
Western,1,4,5,HOU,UTA,3,UTA,HOU,1558.77,1572.25,1473.38,1459.9,291,221,161,
Western,1,4,5,HOU,UTA,4,UTA,HOU,1572.25,1584.58,1459.9,1447.57,309,203,163,
Western,2,1,4,GSW,HOU,1,GSW,GSW,1574.54,1587.82,1584.58,1571.3,276,236,520,
Western,2,1,4,GSW,HOU,2,GSW,GSW,1587.82,1599.99,1571.3,1559.14,290,222,478,
Western,2,1,4,GSW,HOU,3,HOU,GSW,1599.99,1615.38,1559.14,1543.74,260,252,162,
Western,2,1,4,GSW,HOU,4,HOU,GSW,1615.38,1629.45,1543.74,1529.68,285,227,160,
Western,2,2,3,DEN,POR,1,DEN,DEN,1548.35,1562.3,1573.87,1559.93,262,250,158,
Western,2,2,3,DEN,POR,2,DEN,DEN,1562.3,1575.05,1559.93,1547.17,285,227,158,
Western,2,2,3,DEN,POR,3,POR,POR,1547.17,1561.22,1575.05,1561.01,262,250,157,
Western,2,2,3,DEN,POR,4,POR,POR,1561.22,1574.06,1561.01,1548.16,285,227,158,
Western,2,2,3,DEN,POR,5,DEN,DEN,1548.16,1562.12,1574.06,1560.1,262,250,156,
Western,2,2,3,DEN,POR,6,POR,POR,1560.1,1573.05,1562.12,1549.18,281,231,157,
Western,2,2,3,DEN,POR,7,DEN,DEN,1549.18,1563.05,1573.05,1559.17,262,250,156,
Western,3,1,2,GSW,DEN,1,GSW,GSW,1629.45,1639.6,1563.05,1552.9,326,186,159,
Western,3,1,2,GSW,DEN,2,GSW,GSW,1639.6,1648.99,1552.9,1543.51,337,175,159,
Western,3,1,2,GSW,DEN,3,DEN,GSW,1648.99,1661.61,1543.51,1530.89,303,209,157,
Western,3,1,2,GSW,DEN,4,DEN,GSW,1661.61,1673.19,1530.89,1519.31,322,190,158,
Final,4,1,1,MIL,GSW,1,MIL,MIL,1669.86,1682.86,1673.19,1660.19,281,231,159,
Final,4,1,1,MIL,GSW,2,MIL,MIL,1682.86,1694.77,1660.19,1648.28,297,215,158,
Final,4,1,1,MIL,GSW,3,GSW,MIL,1694.77,1709.92,1648.28,1633.13,264,248,156,
Final,4,1,1,MIL,GSW,4,GSW,MIL,1709.92,1723.76,1633.13,1619.29,285,227,158,
