Conf,R,S1,S2,T1,T2,G,Home,Winner,WOELO,WNELO,LOELO,LNELO,SIMSW,SIMSL,D,
Eastern,1,1,8,MIL,DET,1,MIL,MIL,1539.62,1544.9,1401.61,1396.33,380,132,178,
Eastern,1,1,8,MIL,DET,2,MIL,MIL,1544.9,1549.95,1396.33,1391.28,385,127,26,
Eastern,1,1,8,MIL,DET,3,DET,MIL,1549.95,1556.66,1391.28,1384.57,344,168,26,
Eastern,1,1,8,MIL,DET,4,DET,MIL,1556.66,1563.03,1384.57,1378.2,357,155,26,
Eastern,1,2,7,TOR,ORL,1,TOR,TOR,1518.32,1525.38,1453.1,1446.04,321,191,26,
Eastern,1,2,7,TOR,ORL,2,TOR,TOR,1525.38,1532.08,1446.04,1439.35,335,177,26,
Eastern,1,2,7,TOR,ORL,3,ORL,TOR,1532.08,1540.57,1439.35,1430.85,296,216,25,
Eastern,1,2,7,TOR,ORL,4,ORL,TOR,1540.57,1548.59,1430.85,1422.83,304,208,27,
Eastern,1,3,6,PHI,BKN,1,PHI,PHI,1464.94,1472.85,1431.46,1423.54,299,213,27,
Eastern,1,3,6,PHI,BKN,2,PHI,PHI,1472.85,1480.34,1423.54,1416.06,310,202,26,
Eastern,1,3,6,PHI,BKN,3,BKN,PHI,1480.34,1489.64,1416.06,1406.75,278,234,26,
Eastern,1,3,6,PHI,BKN,4,BKN,PHI,1489.64,1498.41,1406.75,1397.98,289,223,26,
Eastern,1,4,5,BOS,IND,1,BOS,BOS,1462.37,1470.07,1421.1,1413.4,306,206,27,
Eastern,1,4,5,BOS,IND,2,BOS,BOS,1470.07,1477.36,1413.4,1406.11,316,196,27,
Eastern,1,4,5,BOS,IND,3,IND,BOS,1477.36,1486.46,1406.11,1397.01,282,230,26,
Eastern,1,4,5,BOS,IND,4,IND,BOS,1486.46,1495.05,1397.01,1388.42,296,216,27,
Eastern,2,1,4,MIL,BOS,1,MIL,MIL,1563.03,1570.02,1495.05,1488.06,330,182,26,
Eastern,2,1,4,MIL,BOS,2,MIL,MIL,1570.02,1576.65,1488.06,1481.43,335,177,26,
Eastern,2,1,4,MIL,BOS,3,BOS,MIL,1576.65,1585.07,1481.43,1473.01,296,216,25,
Eastern,2,1,4,MIL,BOS,4,BOS,MIL,1585.07,1593.03,1473.01,1465.05,306,206,26,
Eastern,2,2,3,TOR,PHI,1,TOR,TOR,1548.59,1556.05,1498.41,1490.95,310,202,26,
Eastern,2,2,3,TOR,PHI,2,TOR,TOR,1556.05,1563.12,1490.95,1483.89,321,191,26,
Eastern,2,2,3,TOR,PHI,3,PHI,TOR,1563.12,1571.99,1483.89,1475.01,285,227,26,
Eastern,2,2,3,TOR,PHI,4,PHI,TOR,1571.99,1580.37,1475.01,1466.64,297,215,26,
Eastern,3,1,2,MIL,TOR,1,MIL,MIL,1593.03,1601.52,1580.37,1571.87,284,228,26,
Eastern,3,1,2,MIL,TOR,2,MIL,MIL,1601.52,1609.54,1571.87,1563.85,296,216,25,
Eastern,3,1,2,MIL,TOR,3,TOR,MIL,1609.54,1619.38,1563.85,1554.01,266,246,26,
Eastern,3,1,2,MIL,TOR,4,TOR,MIL,1619.38,1628.65,1554.01,1544.74,278,234,26,
Western,1,1,8,GSW,LAC,1,GSW,GSW,1530.88,1537.9,1463.92,1456.9,321,191,26,
Western,1,1,8,GSW,LAC,2,GSW,GSW,1537.9,1544.55,1456.9,1450.25,335,177,26,
Western,1,1,8,GSW,LAC,3,LAC,GSW,1544.55,1553,1450.25,1441.8,296,216,26,
Western,1,1,8,GSW,LAC,4,LAC,GSW,1553,1560.98,1441.8,1433.82,306,206,27,
Western,1,2,7,DEN,SAS,1,DEN,DEN,1498.56,1506.73,1474.15,1465.98,296,216,27,
Western,1,2,7,DEN,SAS,2,DEN,DEN,1506.73,1514.45,1465.98,1458.27,306,206,27,
Western,1,2,7,DEN,SAS,3,SAS,DEN,1514.45,1523.98,1458.27,1448.73,274,238,25,
Western,1,2,7,DEN,SAS,4,SAS,DEN,1523.98,1532.97,1448.73,1439.74,285,227,28,
Western,1,3,6,POR,OKC,1,POR,POR,1529.56,1536.7,1467.18,1460.04,321,191,26,
Western,1,3,6,POR,OKC,2,POR,POR,1536.7,1543.46,1460.04,1453.28,335,177,26,
Western,1,3,6,POR,OKC,3,OKC,POR,1543.46,1552.03,1453.28,1444.71,296,216,26,
Western,1,3,6,POR,OKC,4,OKC,POR,1552.03,1560.12,1444.71,1436.63,304,208,26,
Western,1,4,5,HOU,UTA,1,HOU,HOU,1537.47,1545.14,1494.68,1487.02,306,206,25,
Western,1,4,5,HOU,UTA,2,HOU,HOU,1545.14,1552.38,1487.02,1479.77,316,196,26,
Western,1,4,5,HOU,UTA,3,UTA,HOU,1552.38,1561.45,1479.77,1470.7,282,230,26,
Western,1,4,5,HOU,UTA,4,UTA,HOU,1561.45,1570,1470.7,1462.15,296,216,26,
Western,2,1,4,GSW,HOU,1,GSW,GSW,1560.98,1570.09,1570,1560.89,273,239,25,
Western,2,1,4,GSW,HOU,2,GSW,GSW,1570.09,1578.68,1560.89,1552.29,284,228,26,
Western,2,1,4,GSW,HOU,3,HOU,GSW,1578.68,1589.07,1552.29,1541.9,261,251,26,
Western,2,1,4,GSW,HOU,4,HOU,GSW,1589.07,1598.87,1541.9,1532.11,272,240,27,
Western,2,2,3,DEN,POR,1,DEN,POR,1560.12,1570.49,1532.97,1522.6,261,251,26,
Western,2,2,3,DEN,POR,2,DEN,POR,1570.49,1580.26,1522.6,1512.83,272,240,26,
Western,2,2,3,DEN,POR,3,POR,POR,1580.26,1587.26,1512.83,1505.83,321,191,26,
Western,2,2,3,DEN,POR,4,POR,POR,1587.26,1593.9,1505.83,1499.18,335,177,27,
Western,3,1,3,GSW,POR,1,GSW,GSW,1598.87,1607.58,1593.9,1585.19,279,233,26,
Western,3,1,3,GSW,POR,2,GSW,GSW,1607.58,1615.8,1585.19,1576.97,290,222,26,
Western,3,1,3,GSW,POR,3,POR,GSW,1615.8,1625.84,1576.97,1566.93,264,248,25,
Western,3,1,3,GSW,POR,4,POR,GSW,1625.84,1635.29,1566.93,1557.48,274,238,25,
Final,4,1,1,MIL,GSW,1,MIL,MIL,1628.65,1637.69,1635.29,1626.25,273,239,26,
Final,4,1,1,MIL,GSW,2,MIL,MIL,1637.69,1646.22,1626.25,1617.72,284,228,26,
Final,4,1,1,MIL,GSW,3,GSW,MIL,1646.22,1656.55,1617.72,1607.39,261,251,26,
Final,4,1,1,MIL,GSW,4,GSW,MIL,1656.55,1666.29,1607.39,1597.65,272,240,26,
