Conf,R,S1,S2,T1,T2,G,Home,Winner,WOELO,WNELO,LOELO,LNELO,SIMSW,SIMSL,D,
Eastern,1,1,8,MIL,DET,1,MIL,MIL,1539.62,1544.68,1401.61,1396.55,5,3,148,
Eastern,1,1,8,MIL,DET,2,MIL,MIL,1544.68,1549.52,1396.55,1391.71,5,3,21,
Eastern,1,1,8,MIL,DET,3,DET,MIL,1549.52,1556.52,1391.71,1384.72,6,2,19,
Eastern,1,1,8,MIL,DET,4,DET,MIL,1556.52,1563.15,1384.72,1378.08,6,2,23,
Eastern,1,2,7,TOR,ORL,1,TOR,TOR,1518.32,1525.12,1453.1,1446.3,5,3,17,
Eastern,1,2,7,TOR,ORL,2,TOR,TOR,1525.12,1531.58,1446.3,1439.85,5,3,18,
Eastern,1,2,7,TOR,ORL,3,ORL,TOR,1531.58,1540.38,1439.85,1431.04,5,3,17,
Eastern,1,2,7,TOR,ORL,4,ORL,TOR,1540.38,1548.69,1431.04,1422.74,5,3,17,
Eastern,1,3,6,PHI,BKN,1,PHI,PHI,1464.94,1472.58,1431.46,1423.82,5,3,17,
Eastern,1,3,6,PHI,BKN,2,PHI,PHI,1472.58,1479.81,1423.82,1416.58,5,3,18,
Eastern,1,3,6,PHI,BKN,3,BKN,PHI,1479.81,1489.43,1416.58,1406.96,5,3,17,
Eastern,1,3,6,PHI,BKN,4,BKN,PHI,1489.43,1498.5,1406.96,1397.9,5,3,17,
Eastern,1,4,5,BOS,IND,1,BOS,BOS,1462.37,1469.8,1421.1,1413.67,5,3,18,
Eastern,1,4,5,BOS,IND,2,BOS,BOS,1469.8,1476.84,1413.67,1406.63,5,3,18,
Eastern,1,4,5,BOS,IND,3,IND,BOS,1476.84,1486.26,1406.63,1397.21,5,3,17,
Eastern,1,4,5,BOS,IND,4,IND,BOS,1486.26,1495.14,1397.21,1388.33,5,3,18,
Eastern,2,1,4,MIL,BOS,1,MIL,MIL,1563.15,1569.88,1495.14,1488.41,5,3,17,
Eastern,2,1,4,MIL,BOS,2,MIL,MIL,1569.88,1576.26,1488.41,1482.02,5,3,17,
Eastern,2,1,4,MIL,BOS,3,BOS,MIL,1576.26,1585,1482.02,1473.29,5,3,16,
Eastern,2,1,4,MIL,BOS,4,BOS,MIL,1585,1593.24,1473.29,1465.05,5,3,18,
Eastern,2,2,3,TOR,PHI,1,TOR,TOR,1548.69,1555.88,1498.5,1491.3,5,3,16,
Eastern,2,2,3,TOR,PHI,2,TOR,TOR,1555.88,1562.7,1491.3,1484.49,5,3,16,
Eastern,2,2,3,TOR,PHI,3,PHI,TOR,1562.7,1571.89,1484.49,1475.3,5,3,16,
Eastern,2,2,3,TOR,PHI,4,PHI,TOR,1571.89,1580.56,1475.3,1466.63,5,3,18,
Eastern,3,1,2,MIL,TOR,1,MIL,TOR,1580.56,1592.34,1593.24,1581.45,4,4,17,
Eastern,3,1,2,MIL,TOR,2,MIL,TOR,1592.34,1603.46,1581.45,1570.33,5,3,17,
Eastern,3,1,2,MIL,TOR,3,TOR,TOR,1603.46,1611.11,1570.33,1562.68,5,3,17,
Eastern,3,1,2,MIL,TOR,4,TOR,TOR,1611.11,1618.35,1562.68,1555.44,5,3,18,
Western,1,1,8,GSW,LAC,1,GSW,GSW,1530.88,1537.64,1463.92,1457.16,5,3,18,
Western,1,1,8,GSW,LAC,2,GSW,GSW,1537.64,1544.05,1457.16,1450.75,5,3,17,
Western,1,1,8,GSW,LAC,3,LAC,GSW,1544.05,1552.81,1450.75,1441.99,5,3,17,
Western,1,1,8,GSW,LAC,4,LAC,GSW,1552.81,1561.07,1441.99,1433.72,5,3,17,
Western,1,2,7,DEN,SAS,1,DEN,DEN,1498.56,1506.45,1474.15,1466.26,5,3,18,
Western,1,2,7,DEN,SAS,2,DEN,DEN,1506.45,1513.91,1466.26,1458.8,5,3,17,
Western,1,2,7,DEN,SAS,3,SAS,DEN,1513.91,1523.77,1458.8,1448.95,5,3,16,
Western,1,2,7,DEN,SAS,4,SAS,DEN,1523.77,1533.05,1448.95,1439.66,5,3,17,
Western,1,3,6,POR,OKC,1,POR,POR,1529.56,1536.44,1467.18,1460.3,5,3,17,
Western,1,3,6,POR,OKC,2,POR,POR,1536.44,1542.96,1460.3,1453.78,5,3,18,
Western,1,3,6,POR,OKC,3,OKC,POR,1542.96,1551.84,1453.78,1444.91,5,3,16,
Western,1,3,6,POR,OKC,4,OKC,POR,1551.84,1560.21,1444.91,1436.53,5,3,17,
Western,1,4,5,HOU,UTA,1,HOU,HOU,1537.47,1544.86,1494.68,1487.29,5,3,18,
Western,1,4,5,HOU,UTA,2,HOU,HOU,1544.86,1551.86,1487.29,1480.29,5,3,17,
Western,1,4,5,HOU,UTA,3,UTA,HOU,1551.86,1561.24,1480.29,1470.91,5,3,17,
Western,1,4,5,HOU,UTA,4,UTA,HOU,1561.24,1570.09,1470.91,1462.06,5,3,17,
Western,2,1,4,GSW,HOU,1,GSW,HOU,1570.09,1581.26,1561.07,1549.9,5,3,17,
Western,2,1,4,GSW,HOU,2,GSW,HOU,1581.26,1591.8,1549.9,1539.36,5,3,17,
Western,2,1,4,GSW,HOU,3,HOU,HOU,1591.8,1598.93,1539.36,1532.23,5,3,17,
Western,2,1,4,GSW,HOU,4,HOU,HOU,1598.93,1605.69,1532.23,1525.47,5,3,17,
Western,2,2,3,DEN,POR,1,DEN,POR,1560.21,1570.87,1533.05,1522.4,5,3,16,
Western,2,2,3,DEN,POR,2,DEN,POR,1570.87,1580.91,1522.4,1512.35,5,3,17,
Western,2,2,3,DEN,POR,3,POR,POR,1580.91,1587.63,1512.35,1505.64,5,3,16,
Western,2,2,3,DEN,POR,4,POR,POR,1587.63,1594,1505.64,1499.27,5,3,18,
Western,3,3,4,POR,HOU,1,POR,HOU,1605.69,1616.79,1594,1582.9,5,3,16,
Western,3,3,4,POR,HOU,2,POR,HOU,1616.79,1627.26,1582.9,1572.44,5,3,18,
Western,3,3,4,POR,HOU,3,HOU,HOU,1627.26,1634.33,1572.44,1565.37,5,3,17,
Western,3,3,4,POR,HOU,4,HOU,HOU,1634.33,1641.03,1565.37,1558.66,5,3,17,
Final,4,2,4,TOR,HOU,1,TOR,HOU,1641.03,1651.82,1618.35,1607.57,5,3,18,
Final,4,2,4,TOR,HOU,2,TOR,HOU,1651.82,1661.98,1607.57,1597.4,5,3,17,
Final,4,2,4,TOR,HOU,3,HOU,HOU,1661.98,1668.8,1597.4,1590.59,5,3,17,
Final,4,2,4,TOR,HOU,4,HOU,HOU,1668.8,1675.27,1590.59,1584.12,5,3,18,
