Conf,R,S1,S2,T1,T2,G,Home,Winner,WOELO,WNELO,LOELO,LNELO,SIMSW,SIMSL,D,
Eastern,1,1,8,MIL,DET,1,MIL,MIL,1539.62,1550.18,1401.61,1391.05,193945,68199,6588,
Eastern,1,1,8,MIL,DET,2,MIL,MIL,1550.18,1559.83,1391.05,1381.4,199120,63024,6573,
Eastern,1,1,8,MIL,DET,3,DET,MIL,1559.83,1572.26,1381.4,1368.98,177991,84153,7464,
Eastern,1,1,8,MIL,DET,4,DET,MIL,1572.26,1583.49,1368.98,1357.74,185744,76400,7131,
Eastern,1,2,7,TOR,ORL,1,TOR,TOR,1518.32,1532.44,1453.1,1438.98,170654,91490,11360,
Eastern,1,2,7,TOR,ORL,2,TOR,TOR,1532.44,1545.12,1438.98,1426.31,180905,81239,8088,
Eastern,1,2,7,TOR,ORL,3,ORL,TOR,1545.12,1560.66,1426.31,1410.77,159611,102533,8141,
Eastern,1,2,7,TOR,ORL,4,ORL,TOR,1560.66,1574.54,1410.77,1396.89,170067,92077,7621,
Eastern,1,3,6,PHI,BKN,1,PHI,PHI,1464.94,1480.77,1431.46,1415.63,160099,102045,8054,
Eastern,1,3,6,PHI,BKN,2,PHI,PHI,1480.77,1494.89,1415.63,1401.5,170654,91490,7578,
Eastern,1,3,6,PHI,BKN,3,BKN,PHI,1494.89,1511.84,1401.5,1384.55,149174,112970,8366,
Eastern,1,3,6,PHI,BKN,4,BKN,PHI,1511.84,1526.92,1384.55,1369.47,162250,99894,7906,
Eastern,1,4,5,BOS,IND,1,BOS,BOS,1462.37,1477.77,1421.1,1405.69,162751,99393,7919,
Eastern,1,4,5,BOS,IND,2,BOS,BOS,1477.77,1491.54,1405.69,1391.93,173186,88958,7488,
Eastern,1,4,5,BOS,IND,3,IND,BOS,1491.54,1508.14,1391.93,1375.33,151790,110354,8304,
Eastern,1,4,5,BOS,IND,4,IND,BOS,1508.14,1522.92,1375.33,1360.55,164878,97266,7802,
Eastern,2,1,4,MIL,BOS,1,MIL,MIL,1583.49,1597.86,1522.92,1508.55,170654,91490,7672,
Eastern,2,1,4,MIL,BOS,2,MIL,MIL,1597.86,1610.74,1508.55,1495.67,178285,83859,8328,
Eastern,2,1,4,MIL,BOS,3,BOS,MIL,1610.74,1626.49,1495.67,1479.93,157003,105141,8420,
Eastern,2,1,4,MIL,BOS,4,BOS,MIL,1626.49,1640.54,1479.93,1465.87,167467,94677,9591,
Eastern,2,2,3,TOR,PHI,1,TOR,TOR,1574.54,1589.6,1526.92,1511.86,165393,96751,7777,
Eastern,2,2,3,TOR,PHI,2,TOR,TOR,1589.6,1603.07,1511.86,1498.39,175741,86403,7441,
Eastern,2,2,3,TOR,PHI,3,PHI,TOR,1603.07,1619.39,1498.39,1482.07,154365,107779,8238,
Eastern,2,2,3,TOR,PHI,4,PHI,TOR,1619.39,1633.93,1482.07,1467.53,164878,97266,7858,
Eastern,3,1,2,MIL,TOR,1,MIL,MIL,1640.54,1657.87,1633.93,1616.59,149570,112574,8259,
Eastern,3,1,2,MIL,TOR,2,MIL,MIL,1657.87,1673.28,1616.59,1601.19,162751,99393,7937,
Eastern,3,1,2,MIL,TOR,3,TOR,MIL,1673.28,1691.43,1601.19,1583.03,141315,120829,8396,
Eastern,3,1,2,MIL,TOR,4,TOR,MIL,1691.43,1707.55,1583.03,1566.92,154365,107779,8265,
Western,1,1,8,GSW,LAC,1,GSW,GSW,1530.88,1544.91,1463.92,1449.89,170654,91490,7644,
Western,1,1,8,GSW,LAC,2,GSW,GSW,1544.91,1557.51,1449.89,1437.29,180905,81239,7322,
Western,1,1,8,GSW,LAC,3,LAC,GSW,1557.51,1572.97,1437.29,1421.83,159611,102533,7967,
Western,1,1,8,GSW,LAC,4,LAC,GSW,1572.97,1586.78,1421.83,1408.02,170067,92077,7744,
Western,1,2,7,DEN,SAS,1,DEN,DEN,1498.56,1514.9,1474.15,1457.82,157364,104780,8134,
Western,1,2,7,DEN,SAS,2,DEN,DEN,1514.9,1529.45,1457.82,1443.27,168084,94060,7637,
Western,1,2,7,DEN,SAS,3,SAS,DEN,1529.45,1546.81,1443.27,1425.91,146543,115601,8419,
Western,1,2,7,DEN,SAS,4,SAS,DEN,1546.81,1562.23,1425.91,1410.48,159611,102533,7973,
Western,1,3,6,POR,OKC,1,POR,POR,1529.56,1543.84,1467.18,1452.91,170654,91490,7657,
Western,1,3,6,POR,OKC,2,POR,POR,1543.84,1556.64,1452.91,1440.11,178285,83859,7653,
Western,1,3,6,POR,OKC,3,OKC,POR,1556.64,1572.3,1440.11,1424.44,157003,105141,11927,
Western,1,3,6,POR,OKC,4,OKC,POR,1572.3,1586.28,1424.44,1410.46,170067,92077,7721,
Western,1,4,5,HOU,UTA,1,HOU,HOU,1537.47,1552.8,1494.68,1479.36,162751,99393,7964,
Western,1,4,5,HOU,UTA,2,HOU,HOU,1552.8,1566.49,1479.36,1465.66,173186,88958,7473,
Western,1,4,5,HOU,UTA,3,UTA,HOU,1566.49,1583.02,1465.66,1449.13,151790,110354,8337,
Western,1,4,5,HOU,UTA,4,UTA,HOU,1583.02,1597.75,1449.13,1434.41,164878,97266,7804,
Western,2,1,4,GSW,HOU,1,GSW,GSW,1586.78,1605.11,1597.75,1579.41,144443,117701,8380,
Western,2,1,4,GSW,HOU,2,GSW,GSW,1605.11,1621.38,1579.41,1563.15,157364,104780,8059,
Western,2,1,4,GSW,HOU,3,HOU,GSW,1621.38,1640.33,1563.15,1544.2,136102,126042,8485,
Western,2,1,4,GSW,HOU,4,HOU,GSW,1640.33,1657.12,1544.2,1527.4,151790,110354,8291,
Western,2,2,3,DEN,POR,1,DEN,DEN,1562.23,1581.32,1586.28,1567.2,139207,122937,8492,
Western,2,2,3,DEN,POR,2,DEN,DEN,1581.32,1598.23,1567.2,1550.29,152154,109990,8262,
Western,2,2,3,DEN,POR,3,POR,DEN,1598.23,1617.77,1550.29,1530.75,133460,128684,8515,
Western,2,2,3,DEN,POR,4,POR,DEN,1617.77,1635.08,1530.75,1513.44,146543,115601,8440,
Western,3,1,2,GSW,DEN,1,GSW,GSW,1657.12,1673.59,1635.08,1618.61,154771,107373,8065,
Western,3,1,2,GSW,DEN,2,GSW,GSW,1673.59,1688.26,1618.61,1603.95,168084,94060,7782,
Western,3,1,2,GSW,DEN,3,DEN,GSW,1688.26,1705.72,1603.95,1586.48,146543,115601,8341,
Western,3,1,2,GSW,DEN,4,DEN,GSW,1705.72,1721.24,1586.48,1570.97,159611,102533,8106,
Final,4,1,1,MIL,GSW,1,MIL,MIL,1707.55,1726.03,1721.24,1702.75,141797,120347,8389,
Final,4,1,1,MIL,GSW,2,MIL,MIL,1726.03,1742.43,1702.75,1686.35,157364,104780,8151,
Final,4,1,1,MIL,GSW,3,GSW,MIL,1742.43,1761.51,1686.35,1667.28,136102,126042,12250,
Final,4,1,1,MIL,GSW,4,GSW,MIL,1761.51,1778.41,1667.28,1650.37,149174,112970,8326,
