Conf,R,S1,S2,T1,T2,G,Home,Winner,WOELO,WNELO,LOELO,LNELO,SIMSW,SIMSL,D,
Eastern,1,1,8,MIL,DET,1,MIL,MIL,1539.62,1544.26,1401.61,1396.98,7,1,215,
Eastern,1,1,8,MIL,DET,2,MIL,MIL,1544.26,1548.71,1396.98,1392.52,6,2,207,
Eastern,1,1,8,MIL,DET,3,DET,MIL,1548.71,1556.28,1392.52,1384.96,5,3,262,
Eastern,1,1,8,MIL,DET,4,DET,MIL,1556.28,1563.44,1384.96,1377.79,5,3,223,
Eastern,1,2,7,TOR,ORL,1,TOR,TOR,1518.32,1524.62,1453.1,1446.81,6,2,110,
Eastern,1,2,7,TOR,ORL,2,TOR,TOR,1524.62,1530.6,1446.81,1440.82,6,2,187,
Eastern,1,2,7,TOR,ORL,3,ORL,TOR,1530.6,1540.03,1440.82,1431.39,5,3,189,
Eastern,1,2,7,TOR,ORL,4,ORL,TOR,1540.03,1548.93,1431.39,1422.5,4,4,168,
Eastern,1,3,6,PHI,BKN,1,PHI,PHI,1464.94,1472.04,1431.46,1424.35,5,3,244,
Eastern,1,3,6,PHI,BKN,2,PHI,PHI,1472.04,1478.78,1424.35,1417.61,5,3,239,
Eastern,1,3,6,PHI,BKN,3,BKN,PHI,1478.78,1489.03,1417.61,1407.36,5,3,6318,
Eastern,1,3,6,PHI,BKN,4,BKN,PHI,1489.03,1498.7,1407.36,1397.7,4,4,97,
Eastern,1,4,5,BOS,IND,1,BOS,IND,1421.1,1434.2,1462.37,1449.27,4,4,90,
Eastern,1,4,5,BOS,IND,2,BOS,BOS,1449.27,1456.87,1434.2,1426.6,5,3,365,
Eastern,1,4,5,BOS,IND,3,IND,BOS,1456.87,1468.01,1426.6,1415.46,5,3,815,
Eastern,1,4,5,BOS,IND,4,IND,BOS,1468.01,1478.51,1415.46,1404.96,5,3,96,
Eastern,1,4,5,BOS,IND,5,BOS,BOS,1478.51,1484.6,1404.96,1398.87,6,2,1577,
Eastern,2,1,4,MIL,BOS,1,MIL,MIL,1563.44,1569.4,1484.6,1478.64,7,1,108,
Eastern,2,1,4,MIL,BOS,2,MIL,MIL,1569.4,1575.08,1478.64,1472.96,7,1,91,
Eastern,2,1,4,MIL,BOS,3,BOS,MIL,1575.08,1584.16,1472.96,1463.88,5,3,109,
Eastern,2,1,4,MIL,BOS,4,BOS,MIL,1584.16,1592.72,1463.88,1455.32,5,3,90,
Eastern,2,2,3,TOR,PHI,1,TOR,TOR,1548.93,1555.6,1498.7,1492.03,6,2,162,
Eastern,2,2,3,TOR,PHI,2,TOR,TOR,1555.6,1561.93,1492.03,1485.69,5,3,77,
Eastern,2,2,3,TOR,PHI,3,PHI,TOR,1561.93,1571.75,1485.69,1475.87,4,4,112,
Eastern,2,2,3,TOR,PHI,4,PHI,TOR,1571.75,1581.01,1475.87,1466.62,5,3,110,
Eastern,3,1,2,MIL,TOR,1,MIL,TOR,1581.01,1593.32,1592.72,1580.41,4,4,90,
Eastern,3,1,2,MIL,TOR,2,MIL,TOR,1593.32,1604.95,1580.41,1568.78,4,4,81,
Eastern,3,1,2,MIL,TOR,3,TOR,MIL,1568.78,1581.75,1604.95,1591.98,4,4,474,
Eastern,3,1,2,MIL,TOR,4,TOR,MIL,1581.75,1594.01,1591.98,1579.71,4,4,244,
Eastern,3,1,2,MIL,TOR,5,MIL,MIL,1594.01,1601.63,1579.71,1572.09,5,3,174,
Eastern,3,1,2,MIL,TOR,6,TOR,MIL,1601.63,1612.79,1572.09,1560.93,4,4,199,
Western,1,1,8,GSW,LAC,1,GSW,GSW,1530.88,1537.13,1463.92,1457.67,6,2,173,
Western,1,1,8,GSW,LAC,2,GSW,GSW,1537.13,1543.08,1457.67,1451.72,7,1,148,
Western,1,1,8,GSW,LAC,3,LAC,GSW,1543.08,1552.46,1451.72,1442.33,5,3,116,
Western,1,1,8,GSW,LAC,4,LAC,GSW,1552.46,1561.31,1442.33,1433.48,4,4,216,
Western,1,2,7,DEN,SAS,1,DEN,DEN,1498.56,1505.91,1474.15,1466.8,5,3,175,
Western,1,2,7,DEN,SAS,2,DEN,DEN,1505.91,1512.87,1466.8,1459.85,6,2,256,
Western,1,2,7,DEN,SAS,3,SAS,DEN,1512.87,1523.36,1459.85,1449.36,5,3,141,
Western,1,2,7,DEN,SAS,4,SAS,DEN,1523.36,1533.24,1449.36,1439.47,5,3,204,
Western,1,3,6,POR,OKC,1,POR,POR,1529.56,1535.93,1467.18,1460.81,6,2,110,
Western,1,3,6,POR,OKC,2,POR,POR,1535.93,1541.98,1460.81,1454.76,6,2,99,
Western,1,3,6,POR,OKC,3,OKC,POR,1541.98,1551.48,1454.76,1445.26,5,3,98,
Western,1,3,6,POR,OKC,4,OKC,POR,1551.48,1560.45,1445.26,1436.3,5,3,105,
Western,1,4,5,HOU,UTA,1,HOU,HOU,1537.47,1544.34,1494.68,1487.82,5,3,126,
Western,1,4,5,HOU,UTA,2,HOU,HOU,1544.34,1550.85,1487.82,1481.3,5,3,162,
Western,1,4,5,HOU,UTA,3,UTA,HOU,1550.85,1560.86,1481.3,1471.29,5,3,101,
Western,1,4,5,HOU,UTA,4,UTA,HOU,1560.86,1570.3,1471.29,1461.85,5,3,129,
Western,2,1,4,GSW,HOU,1,GSW,HOU,1570.3,1582.04,1561.31,1549.57,4,4,131,
Western,2,1,4,GSW,HOU,2,GSW,HOU,1582.04,1593.11,1549.57,1538.5,4,4,117,
Western,2,1,4,GSW,HOU,3,HOU,HOU,1593.11,1599.67,1538.5,1531.94,5,3,85,
Western,2,1,4,GSW,HOU,4,HOU,HOU,1599.67,1605.9,1531.94,1525.71,6,2,101,
Western,2,2,3,DEN,POR,1,DEN,POR,1560.45,1571.67,1533.24,1522.02,5,3,111,
Western,2,2,3,DEN,POR,2,DEN,POR,1571.67,1582.26,1522.02,1511.43,4,4,80,
Western,2,2,3,DEN,POR,3,POR,POR,1582.26,1588.41,1511.43,1505.28,6,2,96,
Western,2,2,3,DEN,POR,4,POR,POR,1588.41,1594.27,1505.28,1499.42,6,2,118,
Western,3,3,4,POR,HOU,1,POR,HOU,1605.9,1617.57,1594.27,1582.6,4,4,111,
Western,3,3,4,POR,HOU,2,POR,HOU,1617.57,1628.57,1582.6,1571.6,5,3,99,
Western,3,3,4,POR,HOU,3,HOU,HOU,1628.57,1635.07,1571.6,1565.1,5,3,105,
Western,3,3,4,POR,HOU,4,HOU,HOU,1635.07,1641.25,1565.1,1558.92,6,2,101,
Final,4,1,4,MIL,HOU,1,MIL,HOU,1641.25,1652.44,1612.79,1601.6,5,3,100,
Final,4,1,4,MIL,HOU,2,MIL,HOU,1652.44,1662.99,1601.6,1591.05,5,3,125,
Final,4,1,4,MIL,HOU,3,HOU,HOU,1662.99,1669.12,1591.05,1584.92,6,2,111,
Final,4,1,4,MIL,HOU,4,HOU,HOU,1669.12,1674.95,1584.92,1579.09,6,2,150,
