Conf,R,S1,S2,T1,T2,G,Home,Winner,WOELO,WNELO,LOELO,LNELO,SIMSW,SIMSL,D,
Eastern,1,1,8,BOS,CHI,1,BOS,BOS,1498.45,1507.94,1404.48,1394.99,180860,81284,7312,
Eastern,1,1,8,BOS,CHI,2,BOS,BOS,1507.94,1516.73,1394.99,1386.2,186087,76057,6990,
Eastern,1,1,8,BOS,CHI,3,CHI,BOS,1516.73,1527.91,1386.2,1375.02,162516,99628,8018,
Eastern,1,1,8,BOS,CHI,4,CHI,BOS,1527.91,1538.2,1375.02,1364.73,170242,91902,7722,
Eastern,1,2,7,CLE,IND,1,CLE,CLE,1434.06,1446.53,1415.04,1402.57,154359,107785,8085,
Eastern,1,2,7,CLE,IND,2,CLE,CLE,1446.53,1457.98,1402.57,1391.12,162269,99875,7990,
Eastern,1,2,7,CLE,IND,3,IND,CLE,1457.98,1471.82,1391.12,1377.28,139033,123111,8420,
Eastern,1,2,7,CLE,IND,4,IND,CLE,1471.82,1484.48,1377.28,1364.62,149375,112769,8332,
Eastern,1,3,6,TOR,MIL,1,TOR,TOR,1483.45,1494.39,1426.96,1416.02,167493,94651,7702,
Eastern,1,3,6,TOR,MIL,2,TOR,TOR,1494.39,1504.47,1416.02,1405.94,175505,86639,7499,
Eastern,1,3,6,TOR,MIL,3,MIL,TOR,1504.47,1516.97,1405.94,1393.44,152032,110112,8167,
Eastern,1,3,6,TOR,MIL,4,MIL,TOR,1516.97,1528.43,1393.44,1381.98,159917,102227,8073,
Eastern,1,4,5,WAS,ATL,1,WAS,WAS,1476.55,1486.55,1395.96,1385.97,175505,86639,7372,
Eastern,1,4,5,WAS,ATL,2,WAS,WAS,1486.55,1495.79,1385.97,1376.73,183406,78738,7202,
Eastern,1,4,5,WAS,ATL,3,ATL,WAS,1495.79,1507.43,1376.73,1365.08,159917,102227,8340,
Eastern,1,4,5,WAS,ATL,4,ATL,WAS,1507.43,1518.14,1365.08,1354.38,167714,94430,7757,
Eastern,2,1,4,BOS,WAS,1,BOS,BOS,1538.2,1550.63,1518.14,1505.71,154359,107785,8196,
Eastern,2,1,4,BOS,WAS,2,BOS,BOS,1550.63,1562.04,1505.71,1494.3,162269,99875,7871,
Eastern,2,1,4,BOS,WAS,3,WAS,BOS,1562.04,1575.84,1494.3,1480.5,139033,123111,8522,
Eastern,2,1,4,BOS,WAS,4,WAS,BOS,1575.84,1588.47,1480.5,1467.86,149375,112769,10232,
Eastern,2,2,3,CLE,TOR,1,CLE,TOR,1528.43,1543.26,1484.48,1469.65,131249,130895,8525,
Eastern,2,2,3,CLE,TOR,2,CLE,TOR,1543.26,1556.81,1469.65,1456.1,141602,120542,8385,
Eastern,2,2,3,CLE,TOR,3,TOR,TOR,1556.81,1566.05,1456.1,1446.86,183406,78738,7202,
Eastern,2,2,3,CLE,TOR,4,TOR,TOR,1566.05,1574.62,1446.86,1438.29,188754,73390,7016,
Eastern,3,1,3,BOS,TOR,1,BOS,BOS,1588.47,1601.16,1574.62,1561.93,151761,110383,10492,
Eastern,3,1,3,BOS,TOR,2,BOS,BOS,1601.16,1612.8,1561.93,1550.29,162269,99875,7835,
Eastern,3,1,3,BOS,TOR,3,TOR,BOS,1612.8,1626.83,1550.29,1536.26,139033,123111,8591,
Eastern,3,1,3,BOS,TOR,4,TOR,BOS,1626.83,1639.66,1536.26,1523.43,149375,112769,8235,
Western,1,1,8,GSW,POR,1,GSW,GSW,1618.04,1624.67,1439.09,1432.46,204385,57759,6401,
Western,1,1,8,GSW,POR,2,GSW,GSW,1624.67,1630.91,1432.46,1426.22,209595,52549,6300,
Western,1,1,8,GSW,POR,3,POR,GSW,1630.91,1639.29,1426.22,1417.84,188741,73403,7135,
Western,1,1,8,GSW,POR,4,POR,GSW,1639.29,1647.1,1417.84,1410.03,191346,70798,6982,
Western,1,2,7,SAS,MEM,1,SAS,SAS,1534.73,1542.08,1379.11,1371.76,199249,62895,6606,
Western,1,2,7,SAS,MEM,2,SAS,SAS,1542.08,1548.96,1371.76,1364.87,204385,57759,6465,
Western,1,2,7,SAS,MEM,3,MEM,SAS,1548.96,1558.08,1364.87,1355.76,180715,81429,7432,
Western,1,2,7,SAS,MEM,4,MEM,SAS,1558.08,1566.54,1355.76,1347.3,186053,76091,7210,
Western,1,3,6,HOU,OKC,1,HOU,HOU,1493.51,1505.08,1452.72,1441.14,162269,99875,8154,
Western,1,3,6,HOU,OKC,2,HOU,HOU,1505.08,1515.73,1441.14,1430.5,170189,91955,7712,
Western,1,3,6,HOU,OKC,3,OKC,HOU,1515.73,1528.78,1430.5,1417.44,146831,115313,8295,
Western,1,3,6,HOU,OKC,4,OKC,HOU,1528.78,1540.75,1417.44,1405.48,157272,104872,8183,
Western,1,4,5,LAC,UTA,1,LAC,LAC,1485.69,1499.61,1500.66,1486.74,141242,120902,8471,
Western,1,4,5,LAC,UTA,2,LAC,LAC,1499.61,1512.35,1486.74,1474.01,151761,110383,8236,
Western,1,4,5,LAC,UTA,3,UTA,UTA,1474.01,1488.93,1512.35,1497.42,133523,128621,8480,
Western,1,4,5,LAC,UTA,4,UTA,UTA,1488.93,1502.58,1497.42,1483.77,143826,118318,8472,
Western,1,4,5,LAC,UTA,5,LAC,LAC,1483.77,1497.86,1502.58,1488.49,141242,120902,8377,
Western,1,4,5,LAC,UTA,6,UTA,UTA,1488.49,1502.17,1497.86,1484.18,143826,118318,8484,
Western,1,4,5,LAC,UTA,7,LAC,LAC,1484.18,1498.23,1502.17,1488.12,141242,120902,8407,
Western,2,1,4,GSW,LAC,1,GSW,GSW,1647.1,1654.66,1498.23,1490.67,196655,65489,6637,
Western,2,1,4,GSW,LAC,2,GSW,GSW,1654.66,1661.74,1490.67,1483.58,201768,60376,6567,
Western,2,1,4,GSW,LAC,3,LAC,GSW,1661.74,1671.08,1483.58,1474.25,178093,84051,7460,
Western,2,1,4,GSW,LAC,4,LAC,GSW,1671.08,1679.73,1474.25,1465.6,186053,76091,7122,
Western,2,2,3,SAS,HOU,1,SAS,SAS,1566.54,1578.73,1540.75,1528.55,156980,105164,8031,
Western,2,2,3,SAS,HOU,2,SAS,SAS,1578.73,1589.92,1528.55,1517.36,164922,97222,7886,
Western,2,2,3,SAS,HOU,3,HOU,SAS,1589.92,1603.52,1517.36,1503.76,141602,120542,8408,
Western,2,2,3,SAS,HOU,4,HOU,SAS,1603.52,1615.97,1503.76,1491.32,152032,110112,8315,
Western,3,1,2,GSW,SAS,1,GSW,GSW,1679.73,1690.38,1615.97,1605.32,170189,91955,7707,
Western,3,1,2,GSW,SAS,2,GSW,GSW,1690.38,1700.2,1605.32,1595.5,178171,83973,7284,
Western,3,1,2,GSW,SAS,3,SAS,GSW,1700.2,1712.44,1595.5,1583.26,154679,107465,8224,
Western,3,1,2,GSW,SAS,4,SAS,GSW,1712.44,1723.67,1583.26,1572.03,162516,99628,7880,
Final,4,1,1,GSW,BOS,1,GSW,GSW,1723.67,1733.53,1639.66,1629.8,178171,83973,7381,
Final,4,1,1,GSW,BOS,2,GSW,GSW,1733.53,1742.66,1629.8,1620.67,183406,78738,7246,
Final,4,1,1,GSW,BOS,3,BOS,GSW,1742.66,1754.18,1620.67,1609.15,159917,102227,7951,
Final,4,1,1,GSW,BOS,4,BOS,GSW,1754.18,1764.78,1609.15,1598.55,167714,94430,7836,
