Conf,R,S1,S2,T1,T2,G,Home,Winner,WOELO,WNELO,LOELO,LNELO,SIMSW,SIMSL,D,
Eastern,1,1,8,BOS,CHI,1,BOS,BOS,1498.45,1509.66,1404.48,1393.28,47,17,145,
Eastern,1,1,8,BOS,CHI,2,BOS,BOS,1509.66,1519.85,1393.28,1383.08,50,14,8,
Eastern,1,1,8,BOS,CHI,3,CHI,BOS,1519.85,1536.05,1383.08,1366.88,36,28,7,
Eastern,1,1,8,BOS,CHI,4,CHI,BOS,1536.05,1550.49,1366.88,1352.44,40,24,8,
Eastern,1,2,7,CLE,IND,1,CLE,CLE,1434.06,1449.04,1415.04,1400.06,36,28,7,
Eastern,1,2,7,CLE,IND,2,CLE,CLE,1449.04,1462.45,1400.06,1386.65,40,24,7,
Eastern,1,2,7,CLE,IND,3,IND,CLE,1462.45,1482.11,1386.65,1366.98,32,32,7,
Eastern,1,2,7,CLE,IND,4,IND,CLE,1482.11,1499.53,1366.98,1349.57,35,29,7,
Eastern,1,3,6,TOR,MIL,1,TOR,TOR,1483.45,1496.48,1426.96,1413.93,42,22,6,
Eastern,1,3,6,TOR,MIL,2,TOR,TOR,1496.48,1508.22,1413.93,1402.19,46,18,6,
Eastern,1,3,6,TOR,MIL,3,MIL,TOR,1508.22,1526.15,1402.19,1384.26,34,30,6,
Eastern,1,3,6,TOR,MIL,4,MIL,TOR,1526.15,1542.07,1384.26,1368.34,37,27,6,
Eastern,1,4,5,WAS,ATL,1,WAS,WAS,1476.55,1488.39,1395.96,1384.13,46,18,7,
Eastern,1,4,5,WAS,ATL,2,WAS,WAS,1488.39,1499.12,1384.13,1373.39,50,14,6,
Eastern,1,4,5,WAS,ATL,3,ATL,WAS,1499.12,1515.94,1373.39,1356.57,35,29,6,
Eastern,1,4,5,WAS,ATL,4,ATL,WAS,1515.94,1530.91,1356.57,1341.61,38,26,7,
Eastern,2,1,4,BOS,WAS,1,BOS,BOS,1550.49,1565.45,1530.91,1515.95,36,28,6,
Eastern,2,1,4,BOS,WAS,2,BOS,BOS,1565.45,1578.83,1515.95,1502.57,40,24,6,
Eastern,2,1,4,BOS,WAS,3,WAS,BOS,1578.83,1598.47,1502.57,1482.93,32,32,6,
Eastern,2,1,4,BOS,WAS,4,WAS,BOS,1598.47,1615.86,1482.93,1465.54,35,29,7,
Eastern,2,2,3,CLE,TOR,1,CLE,TOR,1542.07,1563.65,1499.53,1477.95,32,32,6,
Eastern,2,2,3,CLE,TOR,2,CLE,TOR,1563.65,1582.75,1477.95,1458.86,32,32,6,
Eastern,2,2,3,CLE,TOR,3,TOR,TOR,1582.75,1592.62,1458.86,1448.99,50,14,6,
Eastern,2,2,3,CLE,TOR,4,TOR,TOR,1592.62,1601.66,1448.99,1439.94,52,12,7,
Eastern,3,1,3,BOS,TOR,1,BOS,BOS,1615.86,1631.11,1601.66,1586.42,36,28,6,
Eastern,3,1,3,BOS,TOR,2,BOS,BOS,1631.11,1644.74,1586.42,1572.79,38,26,6,
Eastern,3,1,3,BOS,TOR,3,TOR,BOS,1644.74,1664.62,1572.79,1552.9,32,32,6,
Eastern,3,1,3,BOS,TOR,4,TOR,BOS,1664.62,1682.23,1552.9,1535.29,34,30,7,
Western,1,1,8,GSW,POR,1,GSW,GSW,1618.04,1625.75,1439.09,1431.39,54,10,11,
Western,1,1,8,GSW,POR,2,GSW,GSW,1625.75,1632.91,1431.39,1424.22,55,9,9,
Western,1,1,8,GSW,POR,3,POR,GSW,1632.91,1645.33,1424.22,1411.8,44,20,7,
Western,1,1,8,GSW,POR,4,POR,GSW,1645.33,1656.55,1411.8,1400.58,46,18,6,
Western,1,2,7,SAS,MEM,1,SAS,SAS,1534.73,1543.31,1379.11,1370.53,53,11,7,
Western,1,2,7,SAS,MEM,2,SAS,SAS,1543.31,1551.23,1370.53,1362.6,54,10,7,
Western,1,2,7,SAS,MEM,3,MEM,SAS,1551.23,1564.66,1362.6,1349.18,42,22,6,
Western,1,2,7,SAS,MEM,4,MEM,SAS,1564.66,1576.74,1349.18,1337.1,44,20,7,
Western,1,3,6,HOU,OKC,1,HOU,HOU,1493.51,1507.34,1452.72,1438.89,38,26,7,
Western,1,3,6,HOU,OKC,2,HOU,HOU,1507.34,1519.77,1438.89,1426.46,43,21,7,
Western,1,3,6,HOU,OKC,3,OKC,HOU,1519.77,1538.43,1426.46,1407.8,32,32,6,
Western,1,3,6,HOU,OKC,4,OKC,HOU,1538.43,1554.97,1407.8,1391.26,36,28,7,
Western,1,4,5,LAC,UTA,1,LAC,LAC,1485.69,1502.55,1500.66,1483.8,33,31,7,
Western,1,4,5,LAC,UTA,2,LAC,LAC,1502.55,1517.55,1483.8,1468.8,36,28,7,
Western,1,4,5,LAC,UTA,3,UTA,LAC,1517.55,1538.77,1468.8,1447.58,32,32,6,
Western,1,4,5,LAC,UTA,4,UTA,LAC,1538.77,1557.55,1447.58,1428.8,32,32,6,
Western,2,1,4,GSW,LAC,1,GSW,GSW,1656.55,1667.53,1557.55,1546.58,50,14,6,
Western,2,1,4,GSW,LAC,2,GSW,GSW,1667.53,1677.52,1546.58,1536.58,50,14,6,
Western,2,1,4,GSW,LAC,3,LAC,GSW,1677.52,1693.49,1536.58,1520.61,37,27,6,
Western,2,1,4,GSW,LAC,4,LAC,GSW,1693.49,1707.74,1520.61,1506.37,41,23,7,
Western,2,2,3,SAS,HOU,1,SAS,SAS,1576.74,1591.58,1554.97,1540.14,36,28,6,
Western,2,2,3,SAS,HOU,2,SAS,SAS,1591.58,1604.86,1540.14,1526.86,40,24,6,
Western,2,2,3,SAS,HOU,3,HOU,SAS,1604.86,1624.4,1526.86,1507.32,32,32,6,
Western,2,2,3,SAS,HOU,4,HOU,SAS,1624.4,1641.7,1507.32,1490.01,35,29,7,
Western,3,1,2,GSW,SAS,1,GSW,GSW,1707.74,1720.29,1641.7,1629.16,43,21,6,
Western,3,1,2,GSW,SAS,2,GSW,GSW,1720.29,1731.62,1629.16,1617.82,47,17,6,
Western,3,1,2,GSW,SAS,3,SAS,GSW,1731.62,1749.11,1617.82,1600.33,35,29,6,
Western,3,1,2,GSW,SAS,4,SAS,GSW,1749.11,1764.66,1600.33,1584.79,38,26,6,
Final,4,1,1,GSW,BOS,1,GSW,GSW,1764.66,1776.4,1682.23,1670.49,46,18,6,
Final,4,1,1,GSW,BOS,2,GSW,GSW,1776.4,1787.06,1670.49,1659.83,50,14,6,
Final,4,1,1,GSW,BOS,3,BOS,GSW,1787.06,1803.8,1659.83,1643.09,36,28,6,
Final,4,1,1,GSW,BOS,4,BOS,GSW,1803.8,1818.69,1643.09,1628.2,38,26,7,
