Conf,R,S1,S2,T1,T2,G,Home,Winner,WOELO,WNELO,LOELO,LNELO,SIMSW,SIMSL,D,
Eastern,1,1,8,BOS,CHI,1,BOS,BOS,1498.45,1504.53,1404.48,1398.4,2802,1294,6136,
Eastern,1,1,8,BOS,CHI,2,BOS,BOS,1504.53,1510.31,1398.4,1392.62,2909,1187,207,
Eastern,1,1,8,BOS,CHI,3,CHI,BOS,1510.31,1518.39,1392.62,1384.54,2461,1635,215,
Eastern,1,1,8,BOS,CHI,4,CHI,BOS,1518.39,1526.02,1384.54,1376.91,2546,1550,200,
Eastern,1,2,7,CLE,IND,1,CLE,CLE,1434.06,1442.1,1415.04,1407,2388,1708,204,
Eastern,1,2,7,CLE,IND,2,CLE,CLE,1442.1,1449.69,1407,1399.4,2506,1590,216,
Eastern,1,2,7,CLE,IND,3,IND,CLE,1449.69,1459.69,1399.4,1389.41,2100,1996,198,
Eastern,1,2,7,CLE,IND,4,IND,CLE,1459.69,1469.1,1389.41,1380,2183,1913,215,
Eastern,1,3,6,TOR,MIL,1,TOR,TOR,1483.45,1490.48,1426.96,1419.93,2604,1492,211,
Eastern,1,3,6,TOR,MIL,2,TOR,TOR,1490.48,1497.14,1419.93,1413.27,2672,1424,222,
Eastern,1,3,6,TOR,MIL,3,MIL,TOR,1497.14,1506.17,1413.27,1404.24,2268,1828,197,
Eastern,1,3,6,TOR,MIL,4,MIL,TOR,1506.17,1514.69,1404.24,1395.72,2386,1710,216,
Eastern,1,4,5,WAS,ATL,1,WAS,WAS,1476.55,1482.96,1395.96,1389.55,2723,1373,210,
Eastern,1,4,5,WAS,ATL,2,WAS,WAS,1482.96,1489.05,1389.55,1383.46,2802,1294,199,
Eastern,1,4,5,WAS,ATL,3,ATL,WAS,1489.05,1497.47,1383.46,1375.05,2386,1710,206,
Eastern,1,4,5,WAS,ATL,4,ATL,WAS,1497.47,1505.41,1375.05,1367.1,2505,1591,201,
Eastern,2,1,4,BOS,WAS,1,BOS,BOS,1526.02,1534.02,1505.41,1497.42,2427,1669,244,
Eastern,2,1,4,BOS,WAS,2,BOS,BOS,1534.02,1541.58,1497.42,1489.86,2506,1590,219,
Eastern,2,1,4,BOS,WAS,3,WAS,BOS,1541.58,1551.53,1489.86,1479.91,2100,1996,220,
Eastern,2,1,4,BOS,WAS,4,WAS,BOS,1551.53,1560.91,1479.91,1470.53,2227,1869,236,
Eastern,2,2,3,CLE,TOR,1,CLE,TOR,1514.69,1524.81,1469.1,1458.98,2060,2036,220,
Eastern,2,2,3,CLE,TOR,2,CLE,TOR,1524.81,1534.36,1458.98,1449.43,2183,1913,233,
Eastern,2,2,3,CLE,TOR,3,TOR,TOR,1534.36,1540.66,1449.43,1443.13,2758,1338,219,
Eastern,2,2,3,CLE,TOR,4,TOR,TOR,1540.66,1546.65,1443.13,1437.14,2845,1251,207,
Eastern,3,1,3,BOS,TOR,1,BOS,BOS,1560.91,1569.08,1546.65,1538.48,2388,1708,219,
Eastern,3,1,3,BOS,TOR,2,BOS,BOS,1569.08,1576.8,1538.48,1530.76,2463,1633,200,
Eastern,3,1,3,BOS,TOR,3,TOR,BOS,1576.8,1586.91,1530.76,1520.64,2060,2036,217,
Eastern,3,1,3,BOS,TOR,4,TOR,BOS,1586.91,1596.44,1520.64,1511.11,2183,1913,222,
Western,1,1,8,GSW,POR,1,GSW,GSW,1618.04,1622.26,1439.09,1434.87,3225,871,200,
Western,1,1,8,GSW,POR,2,GSW,GSW,1622.26,1626.33,1434.87,1430.8,3268,828,187,
Western,1,1,8,GSW,POR,3,POR,GSW,1626.33,1632.37,1430.8,1424.76,2840,1256,187,
Western,1,1,8,GSW,POR,4,POR,GSW,1632.37,1638.12,1424.76,1419.01,2943,1153,192,
Western,1,2,7,SAS,MEM,1,SAS,SAS,1534.73,1539.42,1379.11,1374.42,3134,962,211,
Western,1,2,7,SAS,MEM,2,SAS,SAS,1539.42,1543.92,1374.42,1369.92,3179,917,188,
Western,1,2,7,SAS,MEM,3,MEM,SAS,1543.92,1550.49,1369.92,1363.35,2775,1321,191,
Western,1,2,7,SAS,MEM,4,MEM,SAS,1550.49,1556.74,1363.35,1357.1,2806,1290,194,
Western,1,3,6,HOU,OKC,1,HOU,HOU,1493.51,1500.96,1452.72,1445.27,2506,1590,219,
Western,1,3,6,HOU,OKC,2,HOU,HOU,1500.96,1508,1445.27,1438.22,2604,1492,198,
Western,1,3,6,HOU,OKC,3,OKC,HOU,1508,1517.44,1438.22,1428.79,2183,1913,207,
Western,1,3,6,HOU,OKC,4,OKC,HOU,1517.44,1526.33,1428.79,1419.9,2312,1784,215,
Western,1,4,5,LAC,UTA,1,LAC,LAC,1485.69,1494.68,1500.66,1491.67,2225,1871,207,
Western,1,4,5,LAC,UTA,2,LAC,LAC,1494.68,1503.17,1491.67,1483.18,2300,1796,222,
Western,1,4,5,LAC,UTA,3,UTA,UTA,1483.18,1492.32,1503.17,1494.03,2191,1905,208,
Western,1,4,5,LAC,UTA,4,UTA,UTA,1492.32,1500.94,1494.03,1485.41,2262,1834,215,
Western,1,4,5,LAC,UTA,5,LAC,LAC,1485.41,1494.42,1500.94,1491.93,2191,1905,205,
Western,1,4,5,LAC,UTA,6,UTA,UTA,1491.93,1500.57,1494.42,1485.78,2262,1834,217,
Western,1,4,5,LAC,UTA,7,LAC,LAC,1485.78,1494.77,1500.57,1491.58,2225,1871,224,
Western,2,1,4,GSW,LAC,1,GSW,GSW,1638.12,1643.07,1494.77,1489.83,3090,1006,209,
Western,2,1,4,GSW,LAC,2,GSW,GSW,1643.07,1647.8,1489.83,1485.09,3134,962,196,
Western,2,1,4,GSW,LAC,3,LAC,GSW,1647.8,1654.67,1485.09,1478.22,2693,1403,203,
Western,2,1,4,GSW,LAC,4,LAC,GSW,1654.67,1661.18,1478.22,1471.71,2775,1321,214,
Western,2,2,3,SAS,HOU,1,SAS,SAS,1556.74,1564.46,1526.33,1518.6,2463,1633,187,
Western,2,2,3,SAS,HOU,2,SAS,SAS,1564.46,1571.77,1518.6,1511.29,2553,1543,216,
Western,2,2,3,SAS,HOU,3,HOU,SAS,1571.77,1581.47,1511.29,1501.59,2142,1954,209,
Western,2,2,3,SAS,HOU,4,HOU,SAS,1581.47,1590.61,1501.59,1492.45,2268,1828,204,
Western,3,1,2,GSW,SAS,1,GSW,GSW,1661.18,1667.84,1590.61,1583.95,2672,1424,208,
Western,3,1,2,GSW,SAS,2,GSW,GSW,1667.84,1674.17,1583.95,1577.62,2758,1338,196,
Western,3,1,2,GSW,SAS,3,SAS,GSW,1674.17,1682.84,1577.62,1568.95,2345,1751,201,
Western,3,1,2,GSW,SAS,4,SAS,GSW,1682.84,1691.02,1568.95,1560.77,2461,1635,235,
Final,4,1,1,GSW,BOS,1,GSW,GSW,1691.02,1697.08,1596.44,1590.38,2802,1294,212,
Final,4,1,1,GSW,BOS,2,GSW,GSW,1697.08,1702.86,1590.38,1584.61,2909,1187,215,
Final,4,1,1,GSW,BOS,3,BOS,GSW,1702.86,1710.92,1584.61,1576.55,2461,1635,215,
Final,4,1,1,GSW,BOS,4,BOS,GSW,1710.92,1718.54,1576.55,1568.93,2546,1550,216,
