Conf,R,S1,S2,T1,T2,G,Home,Winner,WOELO,WNELO,LOELO,LNELO,SIMSW,SIMSL,D,
Eastern,1,1,8,BOS,CHI,1,BOS,BOS,1498.45,1511.1,1404.48,1391.83,180905,81239,7023,
Eastern,1,1,8,BOS,CHI,2,BOS,BOS,1511.1,1522.52,1391.83,1380.41,188752,73392,6876,
Eastern,1,1,8,BOS,CHI,3,CHI,BOS,1522.52,1536.81,1380.41,1366.12,167467,94677,7898,
Eastern,1,1,8,BOS,CHI,4,CHI,BOS,1536.81,1549.62,1366.12,1353.31,175304,86840,7437,
Eastern,1,2,7,CLE,IND,1,CLE,CLE,1434.06,1450.69,1415.04,1398.41,154771,107373,8150,
Eastern,1,2,7,CLE,IND,2,CLE,CLE,1450.69,1465.5,1398.41,1383.6,165393,96751,7815,
Eastern,1,2,7,CLE,IND,3,IND,CLE,1465.5,1483.1,1383.6,1366,146543,115601,8399,
Eastern,1,2,7,CLE,IND,4,IND,CLE,1483.1,1498.73,1366,1350.37,157003,105141,8162,
Eastern,1,3,6,TOR,MIL,1,TOR,TOR,1483.45,1498.04,1426.96,1412.37,168084,94060,7775,
Eastern,1,3,6,TOR,MIL,2,TOR,TOR,1498.04,1511.1,1412.37,1399.31,178285,83859,7309,
Eastern,1,3,6,TOR,MIL,3,MIL,TOR,1511.1,1527.03,1399.31,1383.38,157003,105141,8197,
Eastern,1,3,6,TOR,MIL,4,MIL,TOR,1527.03,1541.23,1383.38,1369.18,167467,94677,7672,
Eastern,1,4,5,WAS,ATL,1,WAS,WAS,1476.55,1489.88,1395.96,1382.64,175741,86403,7485,
Eastern,1,4,5,WAS,ATL,2,WAS,WAS,1489.88,1501.88,1382.64,1370.64,186110,76034,16283,
Eastern,1,4,5,WAS,ATL,3,ATL,WAS,1501.88,1516.74,1370.64,1355.78,162250,99894,7969,
Eastern,1,4,5,WAS,ATL,4,ATL,WAS,1516.74,1530.05,1355.78,1342.47,172647,89497,7550,
Eastern,2,1,4,BOS,WAS,1,BOS,BOS,1549.62,1566.23,1530.05,1513.44,154771,107373,8107,
Eastern,2,1,4,BOS,WAS,2,BOS,BOS,1566.23,1581.01,1513.44,1498.66,168084,94060,7783,
Eastern,2,1,4,BOS,WAS,3,WAS,BOS,1581.01,1598.58,1498.66,1481.09,146543,115601,8339,
Eastern,2,1,4,BOS,WAS,4,WAS,BOS,1598.58,1614.19,1481.09,1465.47,157003,105141,8179,
Eastern,2,2,3,CLE,TOR,1,CLE,CLE,1498.73,1518.88,1541.23,1521.09,131284,130860,8510,
Eastern,2,2,3,CLE,TOR,2,CLE,CLE,1518.88,1536.71,1521.09,1503.25,147009,115135,8339,
Eastern,2,2,3,CLE,TOR,3,TOR,TOR,1503.25,1522.88,1536.71,1517.09,133870,128274,8621,
Eastern,2,2,3,CLE,TOR,4,TOR,TOR,1522.88,1540.26,1517.09,1499.71,149570,112574,8234,
Eastern,2,2,3,CLE,TOR,5,CLE,CLE,1499.71,1519.74,1540.26,1520.23,131284,130860,8594,
Eastern,2,2,3,CLE,TOR,6,TOR,TOR,1520.23,1537.91,1519.74,1502.06,147009,115135,8300,
Eastern,2,2,3,CLE,TOR,7,CLE,CLE,1502.06,1521.82,1537.91,1518.14,133870,128274,8557,
Eastern,3,1,2,BOS,CLE,1,BOS,BOS,1614.19,1626.92,1521.82,1509.09,180905,81239,7189,
Eastern,3,1,2,BOS,CLE,2,BOS,BOS,1626.92,1638.41,1509.09,1497.6,188752,73392,7018,
Eastern,3,1,2,BOS,CLE,3,CLE,BOS,1638.41,1652.77,1497.6,1483.25,167467,94677,7789,
Eastern,3,1,2,BOS,CLE,4,CLE,BOS,1652.77,1665.64,1483.25,1470.37,175304,86840,7473,
Western,1,1,8,GSW,POR,1,GSW,GSW,1618.04,1626.88,1439.09,1430.25,204482,57662,6464,
Western,1,1,8,GSW,POR,2,GSW,GSW,1626.88,1635.03,1430.25,1422.1,209658,52486,6315,
Western,1,1,8,GSW,POR,3,POR,GSW,1635.03,1645.83,1422.1,1411.3,191066,71078,6987,
Western,1,1,8,GSW,POR,4,POR,GSW,1645.83,1655.67,1411.3,1401.46,196282,65862,6741,
Western,1,2,7,SAS,MEM,1,SAS,SAS,1534.73,1544.53,1379.11,1369.31,199120,63024,8869,
Western,1,2,7,SAS,MEM,2,SAS,SAS,1544.53,1553.51,1369.31,1360.33,204482,57662,6472,
Western,1,2,7,SAS,MEM,3,MEM,SAS,1553.51,1565.22,1360.33,1348.61,183110,79034,7797,
Western,1,2,7,SAS,MEM,4,MEM,SAS,1565.22,1575.85,1348.61,1337.99,191066,71078,6994,
Western,1,3,6,HOU,OKC,1,HOU,HOU,1493.51,1508.94,1452.72,1437.29,162751,99393,7956,
Western,1,3,6,HOU,OKC,2,HOU,HOU,1508.94,1522.73,1437.29,1423.5,173186,88958,7442,
Western,1,3,6,HOU,OKC,3,OKC,HOU,1522.73,1539.35,1423.5,1406.88,151790,110354,8296,
Western,1,3,6,HOU,OKC,4,OKC,HOU,1539.35,1554.15,1406.88,1392.08,164878,97266,7847,
Western,1,4,5,LAC,UTA,1,LAC,LAC,1485.69,1504.25,1500.66,1482.1,141797,120347,8506,
Western,1,4,5,LAC,UTA,2,LAC,LAC,1504.25,1520.71,1482.1,1465.64,154771,107373,8156,
Western,1,4,5,LAC,UTA,3,UTA,LAC,1520.71,1539.84,1465.64,1446.51,136102,126042,8548,
Western,1,4,5,LAC,UTA,4,UTA,LAC,1539.84,1556.8,1446.51,1429.55,149174,112970,8351,
Western,2,1,4,GSW,LAC,1,GSW,GSW,1655.67,1668.08,1556.8,1544.39,180905,81239,7313,
Western,2,1,4,GSW,LAC,2,GSW,GSW,1668.08,1679.29,1544.39,1533.17,188752,73392,7034,
Western,2,1,4,GSW,LAC,3,LAC,GSW,1679.29,1693.37,1533.17,1519.1,167467,94677,7819,
Western,2,1,4,GSW,LAC,4,LAC,GSW,1693.37,1706,1519.1,1506.47,177991,84153,7431,
Western,2,2,3,SAS,HOU,1,SAS,SAS,1575.85,1592.34,1554.15,1537.66,154771,107373,8122,
Western,2,2,3,SAS,HOU,2,SAS,SAS,1592.34,1607.02,1537.66,1522.98,168084,94060,7799,
Western,2,2,3,SAS,HOU,3,HOU,SAS,1607.02,1624.5,1522.98,1505.5,146543,115601,8384,
Western,2,2,3,SAS,HOU,4,HOU,SAS,1624.5,1640.03,1505.5,1489.97,159611,102533,8280,
Western,3,1,2,GSW,SAS,1,GSW,GSW,1706,1720.08,1640.03,1625.94,170654,91490,7746,
Western,3,1,2,GSW,SAS,2,GSW,GSW,1720.08,1732.72,1625.94,1613.3,180905,81239,7227,
Western,3,1,2,GSW,SAS,3,SAS,GSW,1732.72,1748.23,1613.3,1597.8,159611,102533,8077,
Western,3,1,2,GSW,SAS,4,SAS,GSW,1748.23,1762.08,1597.8,1583.95,170067,92077,7668,
Final,4,1,1,GSW,BOS,1,GSW,GSW,1762.08,1774.6,1665.64,1653.11,180905,81239,7248,
Final,4,1,1,GSW,BOS,2,GSW,GSW,1774.6,1785.93,1653.11,1641.79,188752,73392,7285,
Final,4,1,1,GSW,BOS,3,BOS,GSW,1785.93,1800.1,1641.79,1627.61,167467,94677,7740,
Final,4,1,1,GSW,BOS,4,BOS,GSW,1800.1,1812.83,1627.61,1614.89,177991,84153,7491,
