Conf,R,S1,S2,T1,T2,G,Home,Winner,WOELO,WNELO,LOELO,LNELO,SIMSW,SIMSL,D,
Eastern,1,1,8,TOR,WAS,1,TOR,TOR,1542.41,1552.13,1384.99,1375.27,199292,62852,6276,
Eastern,1,1,8,TOR,WAS,2,TOR,TOR,1552.13,1561.05,1375.27,1366.35,204604,57540,2896,
Eastern,1,1,8,TOR,WAS,3,WAS,TOR,1561.05,1572.69,1366.35,1354.71,182939,79205,3043,
Eastern,1,1,8,TOR,WAS,4,WAS,TOR,1572.69,1583.26,1354.71,1344.15,190832,71312,1694,
Eastern,1,2,7,BOS,MIL,1,BOS,BOS,1485.97,1500.12,1421.36,1407.2,170528,91616,1954,
Eastern,1,2,7,BOS,MIL,2,BOS,BOS,1500.12,1512.82,1407.2,1394.5,181127,81017,1861,
Eastern,1,2,7,BOS,MIL,3,MIL,BOS,1512.82,1528.39,1394.5,1378.93,159819,102325,1921,
Eastern,1,2,7,BOS,MIL,4,MIL,BOS,1528.39,1542.29,1378.93,1365.03,170088,92056,1973,
Eastern,1,3,6,PHI,MIA,1,PHI,PHI,1537.82,1548.95,1412.24,1401.11,191596,70548,1705,
Eastern,1,3,6,PHI,MIA,2,PHI,PHI,1548.95,1559.08,1401.11,1390.98,196694,65450,1723,
Eastern,1,3,6,PHI,MIA,3,MIA,PHI,1559.08,1572.02,1390.98,1378.03,175277,86867,1940,
Eastern,1,3,6,PHI,MIA,4,MIA,PHI,1572.02,1583.69,1378.03,1366.36,182939,79205,1775,
Eastern,1,4,5,CLE,IND,1,CLE,CLE,1470.47,1488.98,1484.49,1465.98,141589,120555,2036,
Eastern,1,4,5,CLE,IND,2,CLE,CLE,1488.98,1505.39,1465.98,1449.57,154742,107402,2094,
Eastern,1,4,5,CLE,IND,3,IND,CLE,1505.39,1524.48,1449.57,1430.48,136306,125838,2125,
Eastern,1,4,5,CLE,IND,4,IND,CLE,1524.48,1541.4,1430.48,1413.56,149227,112917,2059,
Eastern,2,1,4,TOR,CLE,1,TOR,TOR,1583.26,1598.63,1541.4,1526.02,162741,99403,1995,
Eastern,2,1,4,TOR,CLE,2,TOR,TOR,1598.63,1612.37,1526.02,1512.29,173204,88940,2268,
Eastern,2,1,4,TOR,CLE,3,CLE,TOR,1612.37,1628.94,1512.29,1495.71,151881,110263,1974,
Eastern,2,1,4,TOR,CLE,4,CLE,TOR,1628.94,1643.7,1495.71,1480.95,164962,97182,2005,
Eastern,2,2,3,BOS,PHI,1,BOS,PHI,1583.69,1603.61,1542.29,1522.37,131110,131034,2061,
Eastern,2,2,3,BOS,PHI,2,BOS,PHI,1603.61,1621.25,1522.37,1504.73,144087,118057,2220,
Eastern,2,2,3,BOS,PHI,3,PHI,PHI,1621.25,1632.8,1504.73,1493.18,188970,73174,1823,
Eastern,2,2,3,BOS,PHI,4,PHI,PHI,1632.8,1643.3,1493.18,1482.68,194120,68024,3384,
Eastern,3,1,3,TOR,PHI,1,TOR,TOR,1643.7,1661.38,1643.3,1625.61,146923,115221,2004,
Eastern,3,1,3,TOR,PHI,2,TOR,TOR,1661.38,1677.09,1625.61,1609.91,160102,102042,2061,
Eastern,3,1,3,TOR,PHI,3,PHI,TOR,1677.09,1695.53,1609.91,1591.47,138861,123283,2172,
Eastern,3,1,3,TOR,PHI,4,PHI,TOR,1695.53,1711.88,1591.47,1575.11,154515,107629,2031,
Western,1,1,8,HOU,MIN,1,HOU,HOU,1618.45,1627.32,1440.37,1431.5,204604,57540,1582,
Western,1,1,8,HOU,MIN,2,HOU,HOU,1627.32,1635.5,1431.5,1423.32,209854,52290,1623,
Western,1,1,8,HOU,MIN,3,MIN,HOU,1635.5,1646.33,1423.32,1412.49,188200,73944,1781,
Western,1,1,8,HOU,MIN,4,MIN,HOU,1646.33,1656.2,1412.49,1402.62,196116,66028,1621,
Western,1,2,7,GSW,SAS,1,GSW,GSW,1490.14,1505.17,1441.95,1426.92,165356,96788,1960,
Western,1,2,7,GSW,SAS,2,GSW,GSW,1505.17,1518.61,1426.92,1413.48,175890,86254,1823,
Western,1,2,7,GSW,SAS,3,SAS,GSW,1518.61,1534.9,1413.48,1397.18,154515,107629,2114,
Western,1,2,7,GSW,SAS,4,SAS,GSW,1534.9,1549.42,1397.18,1382.66,164962,97182,2016,
Western,1,3,6,POR,NOP,1,POR,POR,1494.95,1512.22,1487.25,1469.98,149509,112635,2157,
Western,1,3,6,POR,NOP,2,POR,POR,1512.22,1527.58,1469.98,1454.63,162741,99403,1947,
Western,1,3,6,POR,NOP,3,NOP,POR,1527.58,1545.69,1454.63,1436.52,141447,120697,2123,
Western,1,3,6,POR,NOP,4,NOP,POR,1545.69,1561.76,1436.52,1420.45,154515,107629,2223,
Western,1,4,5,OKC,UTA,1,OKC,OKC,1480.17,1499.93,1516.09,1496.33,133730,128414,2178,
Western,1,4,5,OKC,UTA,2,OKC,OKC,1499.93,1517.43,1496.33,1478.83,149509,112635,2001,
Western,1,4,5,OKC,UTA,3,UTA,UTA,1478.83,1498.75,1517.43,1497.51,133730,128414,2163,
Western,1,4,5,OKC,UTA,4,UTA,UTA,1498.75,1516.38,1497.51,1479.88,146923,115221,2128,
Western,1,4,5,OKC,UTA,5,OKC,OKC,1479.88,1499.68,1516.38,1496.58,133730,128414,2062,
Western,1,4,5,OKC,UTA,6,UTA,UTA,1496.58,1514.47,1499.68,1481.79,146923,115221,2147,
Western,1,4,5,OKC,UTA,7,OKC,OKC,1481.79,1501.37,1514.47,1494.89,136286,125858,2083,
Western,2,1,4,HOU,OKC,1,HOU,HOU,1656.2,1666.03,1501.37,1491.54,199292,62852,1747,
Western,2,1,4,HOU,OKC,2,HOU,HOU,1666.03,1675.04,1491.54,1482.53,204604,57540,1522,
Western,2,1,4,HOU,OKC,3,OKC,HOU,1675.04,1686.79,1482.53,1470.78,182939,79205,1852,
Western,2,1,4,HOU,OKC,4,OKC,HOU,1686.79,1697.44,1470.78,1460.13,190832,71312,1790,
Western,2,2,3,GSW,POR,1,GSW,GSW,1549.42,1567.83,1561.76,1543.35,141589,120555,2218,
Western,2,2,3,GSW,POR,2,GSW,GSW,1567.83,1584.16,1543.35,1527.02,157380,104764,2773,
Western,2,2,3,GSW,POR,3,POR,GSW,1584.16,1603.18,1527.02,1508,136306,125838,2147,
Western,2,2,3,GSW,POR,4,POR,GSW,1603.18,1620.03,1508,1491.15,149227,112917,2122,
Western,3,1,2,HOU,GSW,1,HOU,HOU,1697.44,1710.93,1620.03,1606.54,175890,86254,1912,
Western,3,1,2,HOU,GSW,2,HOU,HOU,1710.93,1723.07,1606.54,1594.4,183685,78459,1763,
Western,3,1,2,HOU,GSW,3,GSW,HOU,1723.07,1738.07,1594.4,1579.4,162356,99788,1974,
Western,3,1,2,HOU,GSW,4,GSW,HOU,1738.07,1751.49,1579.4,1565.98,172707,89437,1952,
Final,4,1,1,HOU,TOR,1,HOU,HOU,1751.49,1766.99,1711.88,1696.39,162741,99403,1917,
Final,4,1,1,HOU,TOR,2,HOU,HOU,1766.99,1780.83,1696.39,1682.55,173204,88940,1919,
Final,4,1,1,HOU,TOR,3,TOR,HOU,1780.83,1797.5,1682.55,1665.87,151881,110263,2106,
Final,4,1,1,HOU,TOR,4,TOR,HOU,1797.5,1812.35,1665.87,1651.03,162356,99788,1904,
