Conf,R,S1,S2,T1,T2,G,Home,Winner,WOELO,WNELO,LOELO,LNELO,SIMSW,SIMSL,D,
Eastern,1,1,8,TOR,WAS,1,TOR,TOR,1542.41,1548.79,1384.99,1378.61,49,15,151,
Eastern,1,1,8,TOR,WAS,2,TOR,TOR,1548.79,1554.81,1378.61,1372.59,50,14,20,
Eastern,1,1,8,TOR,WAS,3,WAS,TOR,1554.81,1565.13,1372.59,1362.28,43,21,19,
Eastern,1,1,8,TOR,WAS,4,WAS,TOR,1565.13,1574.65,1362.28,1352.75,46,18,20,
Eastern,1,2,7,BOS,MIL,1,BOS,BOS,1485.97,1495.43,1421.36,1411.89,45,19,19,
Eastern,1,2,7,BOS,MIL,2,BOS,BOS,1495.43,1504.2,1411.89,1403.12,45,19,19,
Eastern,1,2,7,BOS,MIL,3,MIL,BOS,1504.2,1517.86,1403.12,1389.46,38,26,18,
Eastern,1,2,7,BOS,MIL,4,MIL,BOS,1517.86,1530.36,1389.46,1376.96,39,25,19,
Eastern,1,3,6,PHI,MIA,1,PHI,PHI,1537.82,1545.17,1412.24,1404.89,47,17,19,
Eastern,1,3,6,PHI,MIA,2,PHI,PHI,1545.17,1552.05,1404.89,1398,49,15,20,
Eastern,1,3,6,PHI,MIA,3,MIA,PHI,1552.05,1563.49,1398,1386.56,40,24,18,
Eastern,1,3,6,PHI,MIA,4,MIA,PHI,1563.49,1574.02,1386.56,1376.04,43,21,19,
Eastern,1,4,5,CLE,IND,1,CLE,CLE,1470.47,1483.08,1484.49,1471.89,36,28,20,
Eastern,1,4,5,CLE,IND,2,CLE,CLE,1483.08,1494.63,1471.89,1460.33,39,25,19,
Eastern,1,4,5,CLE,IND,3,IND,IND,1460.33,1473.79,1494.63,1481.17,34,30,18,
Eastern,1,4,5,CLE,IND,4,IND,IND,1473.79,1486.12,1481.17,1468.84,37,27,18,
Eastern,1,4,5,CLE,IND,5,CLE,CLE,1468.84,1481.58,1486.12,1473.38,36,28,18,
Eastern,1,4,5,CLE,IND,6,IND,IND,1473.38,1485.74,1481.58,1469.22,37,27,18,
Eastern,1,4,5,CLE,IND,7,CLE,CLE,1469.22,1481.93,1485.74,1473.03,36,28,17,
Eastern,2,1,4,TOR,CLE,1,TOR,TOR,1574.65,1583.1,1481.93,1473.49,45,19,19,
Eastern,2,1,4,TOR,CLE,2,TOR,TOR,1583.1,1590.97,1473.49,1465.62,47,17,19,
Eastern,2,1,4,TOR,CLE,3,CLE,TOR,1590.97,1603.6,1465.62,1452.99,39,25,18,
Eastern,2,1,4,TOR,CLE,4,CLE,TOR,1603.6,1615.18,1452.99,1441.41,40,24,19,
Eastern,2,2,3,BOS,PHI,1,BOS,PHI,1574.02,1590.15,1530.36,1514.23,32,32,19,
Eastern,2,2,3,BOS,PHI,2,BOS,PHI,1590.15,1604.9,1514.23,1499.48,33,31,18,
Eastern,2,2,3,BOS,PHI,3,PHI,PHI,1604.9,1612.91,1499.48,1491.47,47,17,19,
Eastern,2,2,3,BOS,PHI,4,PHI,PHI,1612.91,1620.39,1491.47,1483.99,47,17,20,
Eastern,3,1,3,TOR,PHI,1,TOR,TOR,1615.18,1627.42,1620.39,1608.15,39,25,18,
Eastern,3,1,3,TOR,PHI,2,TOR,TOR,1627.42,1638.65,1608.15,1596.93,39,25,19,
Eastern,3,1,3,TOR,PHI,3,PHI,TOR,1638.65,1654.86,1596.93,1580.71,32,32,18,
Eastern,3,1,3,TOR,PHI,4,PHI,TOR,1654.86,1669.68,1580.71,1565.89,33,31,18,
Western,1,1,8,HOU,MIN,1,HOU,HOU,1618.45,1624.25,1440.37,1434.57,50,14,19,
Western,1,1,8,HOU,MIN,2,HOU,HOU,1624.25,1629.74,1434.57,1429.08,51,13,19,
Western,1,1,8,HOU,MIN,3,MIN,HOU,1629.74,1639.35,1429.08,1419.46,45,19,18,
Western,1,1,8,HOU,MIN,4,MIN,HOU,1639.35,1648.26,1419.46,1410.56,47,17,19,
Western,1,2,7,GSW,SAS,1,GSW,GSW,1490.14,1500.22,1441.95,1431.87,41,23,19,
Western,1,2,7,GSW,SAS,2,GSW,GSW,1500.22,1509.54,1431.87,1422.54,45,19,18,
Western,1,2,7,GSW,SAS,3,SAS,GSW,1509.54,1523.81,1422.54,1408.28,36,28,19,
Western,1,2,7,GSW,SAS,4,SAS,GSW,1523.81,1536.86,1408.28,1395.23,39,25,20,
Western,1,3,6,POR,NOP,1,POR,POR,1494.95,1506.65,1487.25,1475.55,39,25,19,
Western,1,3,6,POR,NOP,2,POR,POR,1506.65,1517.41,1475.55,1464.8,39,25,19,
Western,1,3,6,POR,NOP,3,NOP,POR,1517.41,1533.16,1464.8,1449.05,32,32,19,
Western,1,3,6,POR,NOP,4,NOP,POR,1533.16,1547.55,1449.05,1434.66,36,28,19,
Western,1,4,5,OKC,UTA,1,OKC,UTA,1516.09,1532.56,1480.17,1463.7,32,32,19,
Western,1,4,5,OKC,UTA,2,OKC,UTA,1532.56,1547.61,1463.7,1448.65,32,32,19,
Western,1,4,5,OKC,UTA,3,UTA,UTA,1547.61,1555.84,1448.65,1440.42,46,18,19,
Western,1,4,5,OKC,UTA,4,UTA,UTA,1555.84,1563.52,1440.42,1432.74,47,17,20,
Western,2,1,5,HOU,UTA,1,HOU,HOU,1648.26,1656.99,1563.52,1554.79,45,19,17,
Western,2,1,5,HOU,UTA,2,HOU,HOU,1656.99,1665.11,1554.79,1546.67,46,18,18,
Western,2,1,5,HOU,UTA,3,UTA,HOU,1665.11,1678.03,1546.67,1533.75,39,25,18,
Western,2,1,5,HOU,UTA,4,UTA,HOU,1678.03,1689.87,1533.75,1521.91,40,24,19,
Western,2,2,3,GSW,POR,1,GSW,GSW,1536.86,1549.32,1547.55,1535.09,37,27,18,
Western,2,2,3,GSW,POR,2,GSW,GSW,1549.32,1560.75,1535.09,1523.65,39,25,18,
Western,2,2,3,GSW,POR,3,POR,GSW,1560.75,1577.17,1523.65,1507.24,32,32,18,
Western,2,2,3,GSW,POR,4,POR,GSW,1577.17,1592.17,1507.24,1492.23,32,32,20,
Western,3,1,2,HOU,GSW,1,HOU,HOU,1689.87,1698.14,1592.17,1583.9,46,18,19,
Western,3,1,2,HOU,GSW,2,HOU,HOU,1698.14,1705.86,1583.9,1576.18,47,17,18,
Western,3,1,2,HOU,GSW,3,GSW,HOU,1705.86,1718.31,1576.18,1563.73,39,25,18,
Western,3,1,2,HOU,GSW,4,GSW,HOU,1718.31,1729.73,1563.73,1552.31,40,24,18,
Final,4,1,1,HOU,TOR,1,HOU,HOU,1729.73,1739.36,1669.68,1660.05,44,20,19,
Final,4,1,1,HOU,TOR,2,HOU,HOU,1739.36,1748.28,1660.05,1651.13,45,19,18,
Final,4,1,1,HOU,TOR,3,TOR,HOU,1748.28,1762.11,1651.13,1637.3,36,28,19,
Final,4,1,1,HOU,TOR,4,TOR,HOU,1762.11,1774.77,1637.3,1624.64,39,25,19,
